"","0","10","20","30","40","50","60","70","80","90","100","110","120","130","140","150","160","170","180","190","200"
"750",0.86004492439869,0.860011631216685,0.860253325573526,0.860379981096809,0.860507199322251,0.860717712807814,0.860808727837248,0.860848548938113,0.861207249387311,0.861095529368284,0.861142358359679,0.861201992539328,0.861448787034791,0.861373936934452,0.861400619054146,0.861643918867357,0.86173829823345,0.86161137181386,0.861623550993562,0.861720227046497,0.861742400912138
"760",0.86013192483863,0.860297126883306,0.860466991926302,0.860582030443477,0.860641869668239,0.860863450481179,0.86093958751815,0.861032057583293,0.861228227692012,0.861142353640649,0.86136871219612,0.861482637281558,0.86136909598671,0.861525629255064,0.861678791998651,0.861660920583435,0.861701319533289,0.861720650708828,0.861763881105907,0.861813312283744,0.861971761303152
"770",0.860410663860298,0.860346771274349,0.86056651501746,0.860607707418926,0.860852671634064,0.860811154742177,0.861143662815588,0.861236990973101,0.861367729357409,0.861310622012308,0.861553196222533,0.861599277650041,0.861487107314124,0.86160000791669,0.861646902019177,0.861767538359679,0.861953448715843,0.861724492762949,0.861801771907775,0.861918551317628,0.861883892736597
"780",0.860539672121167,0.860610918371246,0.860672359775391,0.86082412894255,0.861053762095999,0.861050528020203,0.861228522306043,0.861330242039098,0.86131335650047,0.861505613564915,0.861544574428663,0.861574709414354,0.861610778724669,0.861767272942274,0.861716990693867,0.861794253029389,0.861775528687401,0.862025595105141,0.861964857963673,0.861984956509619,0.862050749997127
"790",0.860827231786351,0.860760557339607,0.860873846508386,0.861080765097515,0.861229626615848,0.861140529839705,0.861406465541734,0.861368358475418,0.861531821011205,0.861492989881783,0.861501485222501,0.861749527725279,0.861759548406423,0.861927364025593,0.861810159149924,0.861950836719045,0.861846264513087,0.862076236794026,0.86195265206177,0.86209692987365,0.862080246711952
"800",0.860681331953852,0.860925940087902,0.861084043275337,0.861136278591939,0.861233290416883,0.861384408390258,0.861492782576261,0.861498990122051,0.861669714610823,0.861609883903759,0.861592579695073,0.86162867060655,0.8618338722116,0.861886065148606,0.861773993772369,0.861869851776859,0.86205775641231,0.862063957108203,0.862158044604396,0.862125943974064,0.861918185471322
"810",0.861010907354602,0.8609445227712,0.861220916841489,0.861386878789298,0.861341752550685,0.861345164945588,0.861528761153645,0.861455639786708,0.861656838355835,0.86173269746469,0.861804414069898,0.861996147156315,0.861958523157384,0.86201329247723,0.861952508083599,0.861958242021288,0.862138496976956,0.862128892203538,0.862122179552128,0.862135356480881,0.862080188481584
"820",0.861042418143027,0.861120825951598,0.861292896263138,0.8613870478461,0.86147739804572,0.861460379392054,0.86153235686027,0.861871862006162,0.861868854277298,0.861849432973093,0.861869948810839,0.861912626750205,0.861889880383359,0.862050144509081,0.862104171998989,0.861966909570754,0.862202345417517,0.862123362992563,0.862072089940903,0.862176280301732,0.862153590845099
"830",0.861253050334359,0.861317088529517,0.861330728075747,0.861593828237263,0.861680771432505,0.861672061543193,0.861685620877879,0.86170291493331,0.861815021095278,0.861803229318716,0.862112550875406,0.861949560482867,0.862132264661716,0.862070831502475,0.862140311574367,0.86207329409341,0.862147242001793,0.862217515904097,0.862226374319866,0.86232745996761,0.862163785125039
"840",0.861300885225584,0.86146369357272,0.861442157909739,0.861640574487598,0.861706639775355,0.861831127010982,0.86184113159803,0.861826729703949,0.861919751332224,0.861917688125341,0.86191684003829,0.862174226270299,0.862070997548857,0.862123299021828,0.862061974723927,0.862270595205794,0.862106495739128,0.862255731183301,0.86217469154703,0.862249631097326,0.862183029238878
"850",0.861694204982296,0.861600380259981,0.861562737227911,0.861590190366434,0.861721663576769,0.861836585365854,0.861829717248696,0.861941115608249,0.862114519528421,0.862062511898026,0.862191473460765,0.862065556422579,0.862109006355829,0.862182222755587,0.862290815391687,0.862308888086298,0.862399707722707,0.862435837226621,0.862219320495692,0.86233883743299,0.862340394099649
"860",0.861582472192735,0.861531988070401,0.861590196699208,0.861723461163186,0.861747266674273,0.861861318578765,0.862051398235894,0.86213598681051,0.86204049187542,0.862110197058478,0.862217709279269,0.862002939494073,0.862252822016499,0.862109185870352,0.862326476816205,0.86225334449863,0.862333778697357,0.862253309869874,0.86233473762344,0.862324115943048,0.862232901045129
"870",0.86165798372593,0.861607926908434,0.861861017890913,0.861985858448463,0.861975890740978,0.861985713197047,0.862095093246356,0.862085862337525,0.862060218953164,0.862149312627462,0.862244609611409,0.862378169467145,0.862177358971827,0.862322113860721,0.862453750900401,0.862193353212438,0.862130626627544,0.862430180475802,0.862335299260673,0.862364935060337,0.862377530634565
"880",0.861752589232629,0.86176244463804,0.861888903763539,0.861946737947457,0.862110578020125,0.862063730377895,0.862184255258978,0.862227401649422,0.862159805014042,0.86213729873782,0.862276126400034,0.862242020512151,0.862268383658055,0.862501796006627,0.862268976574763,0.862301351185454,0.862294201003798,0.862324749598859,0.862385468885142,0.862281881346977,0.862312918569848
"890",0.861800206659631,0.861902057906239,0.862030097247602,0.862043207440192,0.862110069952948,0.862238179315036,0.862173138904913,0.862069829012198,0.862314042716325,0.862299535683782,0.862386336896883,0.862238377817939,0.862332178073483,0.862397538121136,0.862533429044633,0.862378155076954,0.862456028091808,0.862377249209549,0.862290611453469,0.862497109548854,0.862343978849228
"900",0.861667573274019,0.862042060062068,0.862055993486919,0.862114105180598,0.862107490699294,0.862271427676885,0.862246780261286,0.862315234413285,0.862213758722483,0.86228635989776,0.862363822157316,0.862363638345921,0.862324376055718,0.862381346844365,0.862386880674036,0.862276484372205,0.862496019966469,0.862421657120964,0.862477107594344,0.862518346843391,0.862465465249947
"910",0.861843288520454,0.86214300728939,0.861998360712296,0.862193595187404,0.862181015656516,0.862332776048441,0.862372693165547,0.862373432546558,0.862419592396847,0.862449541774142,0.862333320331895,0.862363978564724,0.862388624006451,0.862441364112893,0.862507732145273,0.86246718225858,0.862373974212867,0.862588336250913,0.862448942526817,0.862448216559725,0.862520780359856
"920",0.8619437326741,0.862104738961902,0.862097425421137,0.862257765335031,0.862117742958686,0.862326159248743,0.862426224342747,0.862271056021718,0.862378392898026,0.862384014752959,0.862559624427331,0.862223103554372,0.862438380077946,0.862394677105258,0.862575539793925,0.862388233415535,0.862442760560474,0.862377229703388,0.862297848289279,0.86249241272765,0.86224705394268
"930",0.862184821968153,0.862298899665531,0.862448738253907,0.862424785450312,0.862581548826346,0.862474520826164,0.862427778900345,0.862425288963489,0.862331720855861,0.862435546793285,0.862581904932515,0.862355997747461,0.862616578372431,0.862433646079519,0.86234439208112,0.862175540508733,0.862645577007301,0.86233552400157,0.862322856330605,0.862357394140707,0.862322674135134
"940",0.862241177422328,0.862330181272874,0.86236076710551,0.862503789440544,0.862327515081683,0.862318603381118,0.862528929634429,0.862596793580627,0.862574633303502,0.862393119087106,0.862509267531587,0.862557868827086,0.862595241210439,0.862507588633577,0.862376456767012,0.862566535548995,0.862430069946453,0.862549229474514,0.862407788011568,0.862524107918235,0.862481738530922
"950",0.862280972918927,0.862448570660828,0.862538445729115,0.862366679374802,0.862447714070177,0.862492958514005,0.862593977878413,0.862483412072301,0.862409498712698,0.862711652225525,0.862456229192819,0.862612435701909,0.862382103512684,0.862483951916396,0.862584124841587,0.86236689696722,0.862638084880054,0.862316192735907,0.862271125189641,0.862480949778306,0.862492304806048
"960",0.862391697677136,0.862476220929843,0.862491943761705,0.862576580963885,0.8625259437683,0.862575008829482,0.862430421430358,0.862382055747299,0.862580137420693,0.862628726230787,0.862457898630229,0.862750469061587,0.862578445843232,0.862547813520673,0.862413981610566,0.862499329425601,0.862423843802572,0.862509841047157,0.862502074820968,0.862243762800703,0.862427791925633
"970",0.862352601549,0.86244093773062,0.86250905397292,0.862517405891601,0.862824282056624,0.862661549674762,0.86272305268819,0.862589894104917,0.862746426755418,0.862504903148323,0.86257497776072,0.862482607159872,0.86261785632747,0.862629575175044,0.862538131456407,0.862441592164201,0.862470286343981,0.862532408013606,0.862321090681109,0.862397243720408,0.862285798743411
"980",0.862451597579321,0.862471917387922,0.862539487026104,0.862606295860898,0.862459775932,0.862556494842404,0.862639449062813,0.86248744861499,0.862646246786968,0.862738626644874,0.862469823694839,0.862683500505724,0.862438811240429,0.862581775209173,0.862412712278303,0.86259145281409,0.862259369372424,0.862544765845565,0.862643082438719,0.862467689669968,0.862371641441238
"990",0.862623897746213,0.862659436197808,0.86257265358283,0.862489254370454,0.862777465438679,0.862481825160476,0.86245230107879,0.862625227523398,0.862629826074385,0.862577066220584,0.862603014280131,0.862515466273453,0.862543706202364,0.862395930189571,0.862436363392581,0.862568989867474,0.862430019657108,0.862458803102517,0.862427641649179,0.862380522449125,0.862440821091066
"1000",0.862600253886932,0.862613718582094,0.862692139591932,0.862728381980226,0.862830890238803,0.862744807190146,0.862738179647852,0.862626356997987,0.862700341273398,0.86269378779686,0.862650976260588,0.862336523372904,0.862534903390068,0.862723844370135,0.862394809788435,0.862575636940573,0.862455373828417,0.862419418134826,0.862445530248228,0.86241651700945,0.862553604746976
"1010",0.862654402597443,0.862709241934582,0.862669669945779,0.862615580708694,0.862570014657788,0.862483930705248,0.86269310683662,0.862598661636554,0.862709301899365,0.862762825103609,0.86256103355362,0.862413606527148,0.862782594711192,0.8626370393416,0.862671628110246,0.862583761568697,0.862518323277592,0.862325072023307,0.86257285327483,0.862543172181045,0.86242971935162
"1020",0.862639541333816,0.862667778556029,0.862584117218206,0.862712319378257,0.862775404541821,0.862712601286818,0.862747970362696,0.86265040848077,0.862586966365635,0.862590644834026,0.862690326480209,0.862711449239161,0.862587094872708,0.862502542124731,0.862537432199911,0.862497269647292,0.862439877159881,0.862327538501303,0.862566546840631,0.862225392441662,0.862317662380499
"1030",0.862485852662098,0.862620398081941,0.862776551663468,0.862650261676105,0.862722672354762,0.862693397766132,0.862671978744805,0.862514953185615,0.862674559966351,0.862576271814684,0.862329055911278,0.862550936616437,0.862613516011274,0.862407329900596,0.862501917063799,0.862404259094717,0.862387298945534,0.862450230189118,0.862467690839501,0.862379048830134,0.862266063506308
"1040",0.862708458583131,0.862655190625543,0.862678355715723,0.86280042967447,0.862626071859276,0.862624015582189,0.862754016573589,0.862674484052124,0.862635759310848,0.862699579810176,0.862605090192091,0.86260683166171,0.862572515110291,0.862404912764125,0.86240979312152,0.862527740282974,0.862486068781855,0.862490568216319,0.862440445429717,0.862270013243226,0.86248073473525
"1050",0.86274905477873,0.862941655421267,0.862786916262506,0.862711980005619,0.862829195363823,0.862827124526596,0.862624561800872,0.862659145283095,0.862760380184706,0.86274346877175,0.862512036172679,0.862605902784339,0.862467433842552,0.862493746082097,0.862365717753291,0.862432876323891,0.862429966340923,0.862433792525646,0.862364063878355,0.862225813049506,0.862446814327018
"1060",0.862844309560127,0.862893171556257,0.862866110533036,0.862831675952514,0.862724091994503,0.86276437663143,0.862532196170974,0.862787170533809,0.86254549056358,0.862691425060724,0.862618027373863,0.862796192152577,0.862579753780855,0.862471546725302,0.862460008395691,0.862411959636525,0.862338559416256,0.862223774730442,0.862251981834563,0.862311121146546,0.862020250468694
"1070",0.862820425397588,0.862882561115851,0.862800086089867,0.862969501038961,0.862757711553266,0.8625870196224,0.862798837883767,0.862890335716664,0.862700930326444,0.862599533344122,0.862543773721804,0.862550832536924,0.862586451875478,0.862728163988257,0.862603169444707,0.862320316623104,0.862600112221851,0.86222759213146,0.86242499773256,0.862158442165414,0.86223618362921
"1080",0.862739359620383,0.862998237930943,0.863096419516249,0.862961502931611,0.862848986965722,0.862818143385291,0.862639659729909,0.862658617364461,0.862686057260902,0.862661363350252,0.862489018819914,0.862592004925537,0.862592205005569,0.862358428664558,0.862410914453148,0.862381977607926,0.862473876469118,0.8623212288772,0.862303625566622,0.86216379249871,0.8622084375928
"1090",0.862848987461828,0.862871352753525,0.862914758002341,0.862891919861839,0.862711912117429,0.862738543951132,0.862755891697349,0.862796186234399,0.862670091514059,0.862637926328964,0.862771869721229,0.862634209626198,0.862461031480534,0.862417479166167,0.862334347610486,0.862432943065756,0.862221493023244,0.862219050429648,0.862319929812974,0.862015394732218,0.862193986042153
"1100",0.862798580945301,0.862722610940979,0.8629073554407,0.862821605047237,0.862715153365947,0.862852101141535,0.862746657060507,0.862705225861698,0.862701934870127,0.862666925495279,0.862750774367951,0.86256199928785,0.862438606054146,0.862217887064635,0.862392589062625,0.862441209949675,0.862387405460428,0.862221339499428,0.862424555739294,0.862170295804148,0.862387158853816
"1110",0.862829507681905,0.862981138614193,0.862912197745851,0.862796784981346,0.862599018490587,0.862780285235457,0.862686800017872,0.862686053214379,0.862570010245187,0.862681735116315,0.86254236306587,0.862594061031058,0.86238882096947,0.862424014498806,0.862554883532223,0.862175257735284,0.862267372577582,0.86230477718588,0.862149108458514,0.862300458205805,0.862162025262585
"1120",0.862795498662349,0.862979304591187,0.862985096565973,0.862716670694642,0.862555841211618,0.862839747640041,0.862831623954062,0.86275152515291,0.862755259170193,0.86249584168617,0.862508812578426,0.862286263779666,0.862469370204019,0.862519870230897,0.862314649619006,0.862222441016387,0.862333112370658,0.862096556493513,0.862237654821123,0.861987496123679,0.862112070078658
"1130",0.862909972783716,0.862877360817723,0.86279052156426,0.862800636299345,0.862747029123033,0.862859915143485,0.862692605379553,0.862687076600304,0.862498335608979,0.862458515121656,0.862581791819818,0.862636255065032,0.862417990831953,0.862369032089344,0.862271394206906,0.862237408093544,0.862266655648012,0.862113410246444,0.862007419835697,0.862095182846941,0.862012251869001
"1140",0.86286299908477,0.86311597481177,0.862830237597071,0.862720062551005,0.862704642971224,0.86280941627005,0.862568754005769,0.862744358685155,0.862471108899307,0.862701748715058,0.862632537048892,0.862346528342627,0.862400382581976,0.862395078897098,0.862495156499052,0.862340195492963,0.86222112583986,0.862328754656869,0.86195758579997,0.861979631904344,0.861938495344742
"1150",0.862980810666271,0.863203194304243,0.862997143863243,0.862917740216274,0.862792823464421,0.862747100976507,0.862672339577692,0.862615589707115,0.862766170880403,0.862555149371744,0.862644654765636,0.862313076000404,0.862442017207595,0.862441146792839,0.862195721243603,0.862177995207937,0.8622467820045,0.862248632341063,0.862042843134408,0.862058452802787,0.862064135346007
"1160",0.863023947950204,0.862937737090736,0.86296709833889,0.862958823121098,0.862886841407695,0.862654589868183,0.862813764703173,0.86277036967349,0.862760338028398,0.862487372571159,0.862344038841685,0.862521374729611,0.862333658207725,0.86237045422755,0.86210137104443,0.86222322735282,0.862307267203625,0.862090220719229,0.861779540315142,0.862075387734426,0.86196284322333
"1170",0.862686153729293,0.863006125658459,0.862686867288336,0.862906423077355,0.862718040111175,0.862777924401296,0.862552666226105,0.862637259433195,0.862476733798465,0.862400595394853,0.862494061972856,0.862462777635829,0.862091218834507,0.862243396229276,0.862303811126756,0.862456609193824,0.862065964088085,0.861957853491655,0.861983640768654,0.862024474827547,0.861768553965079
"1180",0.862872757597935,0.862798864217172,0.862835908309649,0.862871826769361,0.862664154428322,0.862556220001533,0.862556056580778,0.862683048173396,0.86237689414376,0.862571003507468,0.8624238932026,0.862250768959663,0.862211317405009,0.86229318237596,0.862188149115516,0.862072832945608,0.862115071882096,0.862084289961558,0.861988904056407,0.861934974368987,0.861915373935286
"1190",0.862881717423215,0.862863687249393,0.862880178707836,0.862780686739164,0.862888371394771,0.862723273911231,0.862431883208764,0.862762789762513,0.862552652658456,0.862388968168882,0.862318461673168,0.862386388580702,0.862360248385999,0.862319569705023,0.862210862565299,0.86240271644521,0.862030155441904,0.861964593651225,0.861861447816066,0.86181817914475,0.861942705686398
"1200",0.862751488773145,0.863173972877772,0.862820037794997,0.862708922311675,0.862848127343407,0.86251916459187,0.862438375091362,0.862760563416344,0.862504962800945,0.862396659272193,0.862386312380635,0.862269749879222,0.862374390864973,0.862355495727635,0.861826405503346,0.86229538792937,0.861976108688095,0.862190624792074,0.861934689846001,0.861692978672321,0.861716563004485
"1210",0.862948099865598,0.863018284400064,0.862766039619974,0.862729718430902,0.862598298384254,0.86259672044732,0.862566813894707,0.862537773014251,0.862371239221403,0.862458457789534,0.862305748859153,0.862190916028025,0.862185142810907,0.862100535890834,0.862114637004092,0.862134677622444,0.862216033571491,0.862087872162084,0.862006629228415,0.861610811929955,0.861727178158416
"1220",0.862882299852048,0.863004555492506,0.862904122781128,0.862870770809311,0.86267106775934,0.862601665313875,0.862793651097282,0.862295734246792,0.862531022979874,0.862302827385392,0.862443414623811,0.862174342339689,0.862198380527208,0.862043872581267,0.862171322437809,0.862031465421022,0.861964211913557,0.861858617657206,0.861929131212377,0.861789266075505,0.861768759631346
"1230",0.863006241964764,0.863012987223631,0.862809477216343,0.862679088402579,0.862601498277929,0.862555050984396,0.862486863738571,0.862622255795512,0.862499458005959,0.86229402859578,0.862320049114875,0.862177914068754,0.862244486674293,0.862191209450795,0.861940759492651,0.861863585827461,0.861892896119899,0.861729444841539,0.861676535940042,0.861772492308359,0.861471260895342
"1240",0.862891874012041,0.863046148494961,0.862666836182527,0.862942991275808,0.862624955011913,0.862732004972062,0.862577913101795,0.862356521788064,0.862376131839206,0.862229802668108,0.862395167104888,0.86230204779487,0.862184470564581,0.862112473042676,0.861960560498673,0.861677846068085,0.861902162620965,0.861862572203864,0.861634172776696,0.861610543108478,0.861728923486696
"1250",0.862678082151923,0.863136583213606,0.86280919654165,0.862767026883304,0.862595090183529,0.862356195947557,0.862638215770115,0.86235027046548,0.862369198052696,0.862399830378679,0.862216189437939,0.862071361968064,0.86213653730145,0.861898526900113,0.861882925442731,0.861819143573328,0.861856626608924,0.861702668597725,0.86173966250689,0.861492538052165,0.86153538459615
"1260",0.862689523167259,0.863016932454488,0.862784586592336,0.862710929105317,0.862731262955263,0.86253226125098,0.862750350090263,0.862522587092271,0.862377041775551,0.862175101488164,0.86214096605643,0.862148076672802,0.862005119744991,0.861980546407207,0.862091535686238,0.861984084933794,0.86156550634384,0.861881170162196,0.86151516115359,0.861779670555431,0.86142785992419
"1270",0.862999417852855,0.86305650220574,0.862748899260276,0.862938821100918,0.862635028686588,0.862616236607774,0.862747207014727,0.862494778518809,0.862453015344097,0.862256983545039,0.862303377892139,0.862204382788398,0.862154535747902,0.86181595878145,0.862013958768604,0.861716640009166,0.861741218135458,0.861688598309674,0.861746734678556,0.8615360159781,0.861340117368816
"1280",0.862914428288493,0.862937657294564,0.86276044236491,0.862562410632478,0.862472853949475,0.862479527597706,0.862446991504861,0.862563573829646,0.862200511584503,0.862207734662789,0.862228978903943,0.862004972491239,0.862039658257798,0.861802604934983,0.861727059958442,0.861736342910997,0.861639673857309,0.861517529261011,0.861568798057566,0.861475901498281,0.861154110655739
"1290",0.862917552756045,0.862945668323672,0.862696939801383,0.862673826715717,0.8625718922064,0.862604265074793,0.862358425855305,0.862363113030884,0.862057138476477,0.862172502852269,0.862089503027895,0.862207760815183,0.861881401044576,0.861886854650035,0.861739566423644,0.861743712869177,0.861590114362123,0.861505354732469,0.861309579463622,0.861605938349118,0.861285465918132
"1300",0.862843521687511,0.863016568085247,0.862705395658653,0.862646528014804,0.862491831315244,0.862511919650887,0.862471838128846,0.862432703454917,0.862093985212828,0.862100843573132,0.862106026846549,0.862038525579571,0.861782458113222,0.861809336949638,0.861822134415387,0.861511224904987,0.861421250263971,0.861655591712883,0.86129568986002,0.861328649236446,0.861235521612186
"1310",0.862829570348421,0.86285492330527,0.862473123668363,0.862486210233488,0.862400421727014,0.862279130206612,0.862435678544686,0.862039447461768,0.862053065490402,0.862151690652306,0.861874764970524,0.861771053740278,0.861819622308395,0.861697630841829,0.861709787304333,0.861603992624524,0.861468725368796,0.861295607846274,0.861342886307411,0.86132911735813,0.860794447985958
"1320",0.862741817815796,0.862691842702117,0.862778474183715,0.86244033061594,0.862421377968197,0.862188375039213,0.862272232526023,0.862219414818047,0.862163884344423,0.862076938804699,0.861682490769411,0.861843534083554,0.861784212613982,0.861821550895159,0.861685595507042,0.861665741730511,0.861416987172955,0.861533388795848,0.86132520900427,0.86110447391808,0.861098953736983
"1330",0.862697523579059,0.862784376892056,0.862568195449302,0.862683079466887,0.862469437007071,0.862286940103026,0.862301525242786,0.862122971015136,0.862149156443796,0.862078584100425,0.861893726341246,0.861768979848382,0.861577664767666,0.861794679924899,0.861726229068305,0.86160298222914,0.861532119787822,0.861230771091877,0.861160504401719,0.861202086562861,0.861043939657271
"1340",0.862845112461279,0.862697702297953,0.862656702675212,0.862536060989308,0.862227570904144,0.862364581423758,0.862349083888179,0.862040353914543,0.862166507396164,0.861855909430504,0.861805691444264,0.861983657074609,0.861559589823306,0.86174978847886,0.861448123638948,0.861456622353106,0.861365603860545,0.861324183835678,0.86100049450031,0.860940300963564,0.860843323334231
"1350",0.862626492039704,0.862742470664136,0.862448580439695,0.862472787241495,0.862461334034012,0.862296491398088,0.862239216529998,0.862061884647174,0.861862410294793,0.861988335263809,0.861903021027138,0.861811550309583,0.861667837384595,0.861605397600432,0.861570704037908,0.861618812004812,0.861377295117821,0.861211956986841,0.860970002807853,0.8610164105857,0.860870709439957
"1360",0.862690886918667,0.862796316877667,0.862646758088526,0.86266625402969,0.862088736520345,0.862100430149564,0.86212156679337,0.861890929003915,0.861841134690142,0.861745127423403,0.861846876088436,0.861644965211958,0.861711494599982,0.861550413440684,0.861321748559347,0.861548789087135,0.861231528900998,0.86117984151919,0.86127438904597,0.861080900713661,0.860820657927905
"1370",0.862680377052024,0.862876236774223,0.862681875568521,0.862499858932549,0.862382163400291,0.862284638035493,0.862013236189483,0.862056666118776,0.861953830616135,0.861711261632382,0.861990494551174,0.861763611643399,0.861764705301264,0.861322821405305,0.861285571284397,0.861248998868336,0.861280500406008,0.861132419835537,0.861143404310107,0.861042326744462,0.860732379203968
"1380",0.862750517665952,0.86272149038932,0.862506605916303,0.862417415579417,0.862344071707129,0.862264951961726,0.862158217790141,0.861972806763235,0.861949879185092,0.861954232445661,0.861800675661234,0.861620017266786,0.861564420105772,0.86124613519024,0.861248306222587,0.861142533766143,0.861403504246416,0.860927906721514,0.860983764072687,0.860779140470617,0.860781077129154
"1390",0.862648447757337,0.86275378708927,0.862413317364717,0.862370851105264,0.862074541238868,0.861981881568745,0.861981061385072,0.861892990592012,0.861761129868574,0.861809794820288,0.861680453805492,0.861773354461359,0.861466960318024,0.861334777636729,0.861094958328715,0.861046917866372,0.861207142928528,0.861062072790776,0.860998810524706,0.860821152601318,0.860607326615279
"1400",0.862485515791944,0.862541886866394,0.862654193138141,0.862586412395975,0.862217447057979,0.862083153234668,0.861757754841983,0.861914413133582,0.861820377413246,0.861676028699214,0.861604314179598,0.861357472877841,0.861637991795392,0.86106276841543,0.861331054502239,0.86113576707351,0.861136700170164,0.860942388361015,0.860765662682788,0.860636055697844,0.860514436693313
"1410",0.862426023526415,0.862751941867066,0.86238305249766,0.862466845670462,0.861987093646063,0.861826898792269,0.861936805950297,0.861763961218307,0.861787812088707,0.861491503733025,0.861328676707605,0.86129794083203,0.861351706252105,0.861398552673082,0.86130461412396,0.860989808187973,0.860932319331233,0.860949430899381,0.860584127632233,0.860712936275038,0.860557029712416
"1420",0.862533911072236,0.862762909489992,0.862323946780405,0.862252062289755,0.862175469583154,0.861946932196451,0.862033952074387,0.861798824073379,0.861658245127862,0.861527858886901,0.861404330508109,0.861431992601766,0.861432931257486,0.861269638328204,0.861188642701596,0.861204365720801,0.860956532400286,0.861082462419618,0.860761565878463,0.860558996432402,0.860490398570135
"1430",0.862731659389234,0.862527106706762,0.862288961956664,0.86232762920939,0.861990245934517,0.861718719379619,0.861755540332179,0.861896301201629,0.861450174711971,0.861662816640539,0.861299243070175,0.861261777943384,0.861245296904887,0.861152858414742,0.86092714311336,0.86093754950432,0.860795811719692,0.860698009001569,0.860793462214135,0.860603715147829,0.860314354632743
"1440",0.86263103530448,0.862677220669436,0.862211534826308,0.862372905929707,0.86222131018627,0.861911073446045,0.861920139173467,0.861872457627084,0.86135715996951,0.861578842581379,0.861261188049585,0.861122803608018,0.861108062618523,0.861210633736852,0.861007194334728,0.861110608473137,0.860845694217713,0.860671393673565,0.860648107586085,0.860290159701513,0.860103416414461
"1450",0.862605087555521,0.862498429312781,0.86219703645903,0.862079837689593,0.862015192680164,0.861941713692208,0.861660230421116,0.861577262067917,0.861466260847801,0.861490966117184,0.86135690400276,0.861241642339431,0.861141305876879,0.860976496710952,0.861030735121846,0.860612341326383,0.860745602881348,0.860599323885908,0.860426547807382,0.860344573321471,0.860036129872854
"1460",0.862429671779722,0.86263779925639,0.862286930951979,0.862036311446861,0.861819306513563,0.861826623464149,0.861652362023486,0.861758120748426,0.861576419066118,0.861433457423276,0.861443506114623,0.861032260220075,0.861238567624983,0.860759601870128,0.861091052267789,0.860988310582195,0.860623005807171,0.860567938333614,0.86063123442402,0.860304831662902,0.860019493966168
"1470",0.862467509669969,0.862446050401956,0.862368378247944,0.861991102267623,0.861889686848019,0.861893674892327,0.861691817629116,0.861653993310898,0.861345435773632,0.861160711257149,0.861480126099116,0.861144171343816,0.861113194162929,0.86102667247531,0.860749159765627,0.860753449657766,0.860550221989239,0.860611242825984,0.860224358687927,0.86020935389299,0.860172651416854
"1480",0.862581757593771,0.862576762158184,0.862066272084111,0.862184368355305,0.861961096142493,0.861720471315586,0.861475213565002,0.861468355447511,0.861464992441252,0.861177939517233,0.861117786956736,0.861048774123015,0.860906207232053,0.861034666679666,0.86077806961478,0.860712015966142,0.860417660713835,0.860507167067965,0.860286017580184,0.860212146946124,0.860003030784013
"1490",0.862502714726441,0.86236196289502,0.862110846076337,0.862118899665535,0.861907386275916,0.861764951698614,0.861668650379924,0.861443832123184,0.861271255092268,0.861190426674531,0.861082556558842,0.860995273526745,0.860856884166267,0.860691662653871,0.860704577892035,0.86066139464254,0.860607220279012,0.860310039595188,0.860258105777137,0.860264223929242,0.85992334873646
"1500",0.862433652021506,0.862578623911123,0.862152172841919,0.862104751192472,0.861693338712761,0.861590559259566,0.861568484021038,0.861345214063412,0.861426460062856,0.861166851440146,0.860875631236477,0.861111031631664,0.860785871188703,0.860831744273519,0.860560890651053,0.860473635913906,0.860412421458051,0.860104660503315,0.860336640350829,0.860069409495384,0.859890625147524
"1510",0.862551021187309,0.862388798626519,0.862087499460574,0.861737117390981,0.861690668933867,0.86156050519258,0.861589609146201,0.861281999246662,0.861197602507268,0.861054482012567,0.860854771692198,0.860819972353057,0.860785025808684,0.860822673791506,0.860644378088214,0.86033975813523,0.860414893556002,0.8602216632321,0.86019381178104,0.860165293990046,0.859990114492066
"1520",0.862233221306464,0.862223055256246,0.862162592892559,0.861823874182103,0.861838333872097,0.861496654555716,0.861486582761578,0.861188182590667,0.861092828188134,0.861134229778071,0.860747499400608,0.860912649834692,0.861011263004724,0.860767126602601,0.860405715778447,0.860310581445941,0.860532060230358,0.860188264395682,0.8600580600614,0.860011710580158,0.859737724108638
"1530",0.862301470361173,0.862327921870969,0.861941742279418,0.861767271654271,0.861709746403248,0.861425996741005,0.861540711938323,0.861260118983871,0.861185934493956,0.861186453629665,0.860872998322014,0.860626012009641,0.860792728498968,0.860468258698862,0.860742920166306,0.860344996448805,0.860129535920849,0.860061467307026,0.860184505021874,0.859940822662058,0.859320577750901
"1540",0.862364060846499,0.862258283667643,0.862121518997825,0.861801093462746,0.861616015972193,0.861502365671135,0.861135932768108,0.861367717104735,0.860984445535574,0.860801598070129,0.860677532890428,0.860747368559329,0.860629088534708,0.860402398020284,0.860222082467792,0.860013857171727,0.860132406578276,0.860176344230211,0.860085363906528,0.859716239495361,0.859237821315134
"1550",0.862435800193828,0.862391781065974,0.862135870663333,0.861814486888665,0.861713932088667,0.86136758645423,0.861434418785714,0.861237531074301,0.861089505326365,0.861002188060813,0.860672448071207,0.860632997664,0.860666094459315,0.860405495241373,0.860491746808758,0.860147810356063,0.860263213876377,0.860148011775819,0.85986943343587,0.859770782743199,0.859383865511349
"1560",0.862328440700246,0.862273117944649,0.861888014468317,0.861725583933194,0.861544335207666,0.861402916192659,0.86106968074427,0.861239011386532,0.860934254533419,0.860789091723067,0.860688559795636,0.860700558525282,0.860497325969542,0.860575272142062,0.860322663493991,0.860268144823535,0.85989207939003,0.860006654595283,0.859557347723028,0.859813643508154,0.859437244914457
"1570",0.862223470493216,0.862340788548854,0.861811620436503,0.861635650607024,0.861641839791588,0.861416385649904,0.861228465943296,0.860816668422599,0.860664021975456,0.860804452346076,0.860533761059157,0.860395314890996,0.860299138396633,0.860352863784916,0.860140463671709,0.860202536184504,0.860062938405913,0.859622273729649,0.859752668947319,0.85940858363579,0.8594633216316
"1580",0.862409316060488,0.862131959048674,0.861853587242975,0.861731229159878,0.861386491683987,0.861280100608665,0.861086697502839,0.860955840917969,0.860611927926343,0.860896200103774,0.860625794450263,0.86058289484127,0.860485618164806,0.859997299052743,0.859982760110295,0.860028100601434,0.860049900108426,0.859784085255849,0.859595074331858,0.859501097912037,0.859236621093776
"1590",0.862228743854036,0.862069818987369,0.861822747841646,0.861400881029088,0.861551395596494,0.86115438599698,0.861002058819672,0.860924057392034,0.860893817684133,0.860766422267948,0.86053805078682,0.860410779108539,0.860242199510958,0.860168999678444,0.860198279210457,0.860133974516212,0.85979737065888,0.859672512809525,0.859533477114169,0.859356431748656,0.858931892987082
"1600",0.862435493131959,0.862073186493946,0.861595936177349,0.861779101347565,0.861330019895317,0.861185888809451,0.861320108680243,0.860793818277845,0.860772384931738,0.86080917888989,0.860467180227431,0.860194918832232,0.86004616042042,0.859863014916952,0.860134685877082,0.860082702812804,0.859613748466631,0.859809059874597,0.859488899928062,0.859508415910722,0.858960805417565
"1610",0.862130199526531,0.862305001739238,0.861908796003559,0.861653609999556,0.86142623172481,0.861307136446173,0.860958300660743,0.860694093129675,0.860733008012256,0.860706240736431,0.860406313196688,0.860500695828884,0.86007622087646,0.860242704030648,0.860063214593184,0.859753519412992,0.859754674408436,0.859743810463922,0.859562814851289,0.859015715415241,0.858679419557762
"1620",0.862370530677828,0.86225129205507,0.861812727282371,0.861160312639778,0.861189619147428,0.860678592386412,0.860943889158222,0.860743266041296,0.860673001245101,0.860339054670508,0.860541944870931,0.860057241917025,0.859989366191239,0.859789667083406,0.859947902721588,0.859697439557592,0.859842174096007,0.859360007594728,0.859225202142338,0.859360789506435,0.858685379129385
"1630",0.862268288537842,0.861763598303413,0.861745823366758,0.861282053099243,0.861392758201983,0.861039678044053,0.860783945690548,0.860844309207992,0.860472322365709,0.860476395678956,0.860405933663099,0.86015888763476,0.859942642302041,0.85984084669202,0.859819391130497,0.859520707925842,0.85942290211988,0.859539898777669,0.859307920900826,0.859213291696044,0.858644965811354
"1640",0.862276704036949,0.862053633861423,0.861775567906412,0.861369531821217,0.861084831765493,0.860967979143369,0.860837059778738,0.860880994789533,0.860327745463426,0.860415860677468,0.860355747998063,0.860075255891712,0.859890966946804,0.859700327448161,0.859543420608282,0.859569962061578,0.859328690141428,0.859513526676627,0.859033898059437,0.859015054314534,0.858606090814884
"1650",0.862131772033915,0.861790415856946,0.861357263144031,0.8612335886387,0.861244193175012,0.86091014956302,0.860814786760632,0.860518452609728,0.860526683673918,0.860334846771262,0.860183001783532,0.859917341110726,0.859948531593299,0.859654338537529,0.859423486695838,0.859407889347031,0.859337614429931,0.859351710079054,0.859101268585723,0.859222245744893,0.858546658676115
"1660",0.862387935930068,0.861947059993311,0.86156353903064,0.861396147167789,0.861111564480303,0.861023920447345,0.860742473704402,0.860581011854207,0.860418418564352,0.860199578078082,0.860133470031585,0.859953953129995,0.859745836137042,0.859790709493623,0.859564532174436,0.8593711344906,0.859326933610453,0.859390828809843,0.858952866035686,0.859069045756524,0.858349007902626
"1670",0.862267399403213,0.861800277483106,0.861400386641003,0.861423177492124,0.861036150250155,0.860581313491007,0.860443567448746,0.860505216243892,0.860293179257563,0.86025699510901,0.860075878464931,0.859980398278448,0.859826807060152,0.859705817710562,0.859418607249831,0.859527337577413,0.859127167165565,0.859271662935617,0.859028639917573,0.858752868003304,0.858101648880644
"1680",0.862076800658744,0.861835535410668,0.861250043520024,0.860922616285427,0.860998493834787,0.860628032670175,0.860658455136823,0.860513386691824,0.860267992139711,0.859933621406426,0.859777712168115,0.860075659651826,0.859790993490285,0.859731547233575,0.859410628969466,0.85921714807755,0.859136292663371,0.859012643633063,0.85892480914465,0.858544287299047,0.858347433738541
"1690",0.861958681671121,0.861609214747093,0.86162718007924,0.861040722929811,0.860889898688564,0.860842134146205,0.860815295576408,0.860497726673929,0.860358800293324,0.85994514885952,0.860080399730459,0.859912641940069,0.859794950859618,0.859637630825665,0.859349943912816,0.85921319281066,0.859142644138012,0.858935898080563,0.858864326559565,0.858471381350458,0.858224403408009
"1700",0.862091145218279,0.861727289217536,0.861603630472218,0.861028171799212,0.860799586116783,0.860606497466339,0.860466048559221,0.860190028664423,0.860117843886017,0.860173844712079,0.860047869962472,0.859514445317212,0.859554083935975,0.859492242795144,0.859448856124614,0.859377302731824,0.858921377553434,0.859052131613966,0.858431617392734,0.858555971710557,0.857937301180926
"1710",0.862039186545659,0.861574508216682,0.861224504545371,0.86112157243504,0.860844367474648,0.860921715268618,0.860599612863153,0.860311197475555,0.860316868534524,0.859856978005053,0.859958262591556,0.859560566069908,0.859502628462886,0.859208443352245,0.859306503557823,0.859028577786909,0.858952717160747,0.85868744053666,0.858413390390718,0.85839166493177,0.85799846002183
"1720",0.862036943040648,0.861786852276699,0.861142282495936,0.86089031476285,0.860722799547118,0.860427143031494,0.860287952108549,0.860066998712871,0.859928067966291,0.859933938544993,0.859726883693151,0.85962346928245,0.859387301560321,0.85912887330163,0.859061582854131,0.858877291773951,0.858977704300404,0.858509048775639,0.858383670404161,0.858251326017184,0.857938196260717
"1730",0.862009238155147,0.861742610093619,0.861176214642927,0.860833858545652,0.860849179225511,0.860648775054592,0.860182071776817,0.859993462122252,0.860002235038387,0.859972979317313,0.859607367466212,0.859363496497611,0.859544644104961,0.85924648940481,0.85888765899096,0.858812210409886,0.858895849627948,0.858488742544808,0.858454356639201,0.85844127381206,0.857705280515813
"1740",0.86188515544001,0.861704178889319,0.861218356926065,0.860627675018834,0.860652089290458,0.860722888978036,0.860279245064357,0.860336453184607,0.859832283901973,0.859895619180788,0.85976183978549,0.859324945593331,0.859159311930292,0.859228280088444,0.85883451016909,0.858742847467546,0.858890360864326,0.858518421585916,0.858369129874878,0.85824851244461,0.857769306995666
"1750",0.8620812564264,0.861448072402309,0.861184133976349,0.860703696820357,0.860790436510917,0.860392400240398,0.860182223243665,0.860007374643216,0.859921865909629,0.859651891686396,0.859506951084426,0.859473201942774,0.858996552517484,0.858835388938788,0.858766934724972,0.858720397163816,0.858396384765308,0.858472623038258,0.858307158872188,0.858005841050848,0.857662354732754
"1760",0.861651093848196,0.861325991910901,0.861180373857198,0.860796537645713,0.860947293952318,0.860463247033393,0.860162587937843,0.859947757348203,0.859705114599591,0.859749699919202,0.85914040802356,0.858959645657968,0.859029147800046,0.858861174592407,0.858826278455775,0.858875375613187,0.858114001431048,0.858468057363266,0.858131930220119,0.85756208214008,0.857619382158944
"1770",0.861766807258974,0.861471938601701,0.861194023072317,0.860715931164713,0.860530274126488,0.860184096852673,0.860072422373341,0.860041207042264,0.85974760272176,0.859323741758659,0.859440334212758,0.85934622051242,0.859023890782821,0.858735067951442,0.85884291930376,0.858755237176138,0.858429684090873,0.858138547553815,0.857999698638109,0.858072367815276,0.857537763224872
"1780",0.861841210983734,0.861402576168329,0.861026310178133,0.860690725504034,0.860527466527333,0.860335790818672,0.860181284301232,0.859797583709982,0.859568260507425,0.859596380860822,0.859419309546273,0.859203420168782,0.859061469895326,0.858793559412648,0.858520592542848,0.858479678131836,0.858350245280937,0.858285577646991,0.858097848202867,0.857638174513242,0.857245186116387
"1790",0.861995395184377,0.861388266986348,0.860827905764981,0.860515779408674,0.860491486630724,0.860178858439114,0.859787966959753,0.859677966863737,0.859438358576403,0.859158238355147,0.859278448260228,0.859110175603945,0.85882912295834,0.858867765582672,0.858517087365608,0.858531043147488,0.858465846843974,0.857982062972032,0.857976786230322,0.857971527269378,0.857011957610189
"1800",0.861894748994555,0.861404335266898,0.860854440468384,0.860607929749176,0.860337736176991,0.85992684256409,0.859889360458675,0.859912678150735,0.859645872704037,0.859402318233518,0.859180795729549,0.859010162349541,0.858654726379703,0.858695348342554,0.858771807339991,0.858115409099809,0.858276170582602,0.85779007886996,0.85763685639794,0.857745215497059,0.857277460773825
"1810",0.861668160581191,0.861213116672062,0.860907103511926,0.860508428817419,0.860036960380952,0.860162604170953,0.859907262252322,0.859704582240089,0.859308420697467,0.859263236203002,0.85931379587471,0.858919954651687,0.858614615572726,0.858547862572534,0.85831964360061,0.857922435250147,0.85815173114019,0.858035079900791,0.857812064707206,0.857462009213092,0.857106815755881
"1820",0.86179122496397,0.860969044246304,0.860831220896915,0.860308671389686,0.860285243635032,0.860102461869287,0.859998200121157,0.85945919463167,0.859280011859322,0.85916689921857,0.859159128294411,0.858713064504618,0.858753210055169,0.858474681657429,0.858339478576103,0.858008578407782,0.858077771176733,0.857718266194939,0.857625725052753,0.857463049355578,0.857011055124947
"1830",0.861574186670793,0.86114388295003,0.86082381615584,0.86059632091483,0.86009743762012,0.859859434466147,0.859713706946941,0.859549415720292,0.859304737747001,0.858880868833424,0.858959670364074,0.858601914716007,0.858587599810449,0.858536811621801,0.85815948605692,0.858163603621646,0.857967376470461,0.857597890662592,0.857536891337301,0.857348133904493,0.856770667144583
"1840",0.861874859656479,0.860827997542363,0.860733570850634,0.860334857042169,0.860104899422806,0.859761247386274,0.859457702755458,0.859349115082568,0.859335332679292,0.859086310204016,0.858729279151012,0.858654048925965,0.858272003430246,0.858137479626466,0.858264877429846,0.858001704530272,0.858056358661176,0.857672286919226,0.857523756480343,0.857242675731483,0.856550102081777
"1850",0.86143691231019,0.861074121362852,0.860786587232091,0.860178271163886,0.860111659192369,0.859752384578285,0.859577799285717,0.859272410487969,0.859085917775667,0.858950484403413,0.85856683030422,0.85862140586449,0.858349537703497,0.858171565825749,0.857787304789794,0.857956442711384,0.857691719084037,0.857516061921041,0.857326760780998,0.857190259481774,0.856252955895899
"1860",0.861847654441085,0.861105316089018,0.860708427117773,0.860273508589955,0.859551110978455,0.859796454082593,0.859274489044375,0.859325907015729,0.859047524145657,0.858859794716774,0.858721820521352,0.858365225546467,0.858444498638848,0.858104479540141,0.858124472358304,0.857891343809958,0.85761161176587,0.857215856103017,0.857126376299029,0.857086998946598,0.856235685961928
"1870",0.861739716462386,0.860682538997374,0.860424622709584,0.860022308962207,0.859724464754289,0.859793735545084,0.859292112773839,0.85920559728547,0.858914489997464,0.858703494963817,0.85844967946044,0.858324972938613,0.858060387095771,0.858211453866318,0.857903756380896,0.857742857552621,0.857491159604512,0.857230208722166,0.857189371580723,0.856860449025129,0.856494285343045
"1880",0.861400281370226,0.86100832083043,0.860298546224382,0.860015360833902,0.859932807214986,0.859390820530607,0.859541162807907,0.859130228975057,0.858764908648824,0.858809987535515,0.858410016875504,0.858217978590696,0.858096957471214,0.857685201303102,0.857907822393666,0.857572295153508,0.857237655327274,0.856875942520066,0.856843001661914,0.856734651835469,0.856328863802412
"1890",0.861383399876674,0.86092048448462,0.86034620967809,0.859922732031819,0.85993235308587,0.859474287894147,0.859153525403763,0.858833243196932,0.85887594959341,0.858712922037217,0.85815556010736,0.858353597001452,0.85796725332273,0.857744114766827,0.857850753602202,0.857473404436394,0.857241628932589,0.856991387025395,0.856997729625372,0.856524417866356,0.856270580849146
"1900",0.861555998341424,0.860336242995869,0.860425194258603,0.859968234818265,0.859679449974853,0.859316548680078,0.859185410108089,0.859135126273109,0.858669046982784,0.858552491483009,0.858303396103824,0.858112822205612,0.857953723960811,0.857630300029061,0.857408362615119,0.857478960859686,0.857159281939168,0.85677651295414,0.856783006890477,0.856596238212226,0.856098146303908
"1910",0.861609141822359,0.860923880532319,0.860103621548139,0.86002333759506,0.859617260059921,0.859373640805247,0.859079760672922,0.858880019379562,0.858676404553099,0.858359113809299,0.858453670532768,0.857926807514586,0.85782153059143,0.857729902349562,0.857357052706904,0.856920844878715,0.856926421189404,0.856737179025053,0.856548755837637,0.856684441653428,0.855772390998111
"1920",0.86120075417218,0.860744193438265,0.860397383220605,0.859884727089577,0.859464394368952,0.859295037334882,0.859119819520325,0.858971823170743,0.858473574878025,0.858366206992566,0.858381242979953,0.857965498914625,0.85780182319376,0.85753650228567,0.857251662340977,0.857312802258112,0.857077879810098,0.85662655972269,0.856556898083247,0.856465292401402,0.855908245943562
"1930",0.861276823429371,0.860494350648151,0.86014691366369,0.859671838293328,0.859396173639079,0.859175771710907,0.858938096322198,0.858504791059602,0.85864738676341,0.858226573856524,0.858359670946164,0.857839670200486,0.85769754840258,0.857348064950979,0.857379527530579,0.857188683553368,0.85710986580355,0.856844368938898,0.85650483990347,0.856237122210527,0.855976594089024
"1940",0.861192679857358,0.860323523175932,0.860094944165637,0.859919160830143,0.859357087679347,0.85899223361731,0.859064149471833,0.858320429303454,0.858388904167487,0.858281052908512,0.857963275006914,0.857929920159168,0.857471918214006,0.857532673420026,0.857000786622199,0.856828539042679,0.856898807605962,0.856384292983959,0.856273023051232,0.856319460837305,0.855951601793408
"1950",0.861044221335309,0.860326081623226,0.860156040428442,0.859663886488174,0.859270318059631,0.859124561620844,0.85884389077113,0.858534635294976,0.858246614046459,0.858170084916533,0.857919410675391,0.857556747115164,0.857480247389393,0.857419795403943,0.857230292621266,0.856577117145176,0.856844910391449,0.856505617214254,0.856234114558479,0.855955017948494,0.855567966136874
"1960",0.861085611442949,0.860069996613845,0.860063132233654,0.859681419242782,0.858810743742624,0.859030065163008,0.858707834233887,0.858621084301133,0.85800720882008,0.858148233187775,0.857627432638595,0.85769897378613,0.8574567377651,0.857153834100169,0.857019180420883,0.856687339584593,0.85663823719004,0.856281356092946,0.856113940044636,0.855829238542009,0.855316063431927
"1970",0.861319616253328,0.860159416941489,0.859704307520059,0.859413948186957,0.859059616875653,0.858908779146769,0.858771927810233,0.858180392785907,0.858164830339214,0.858141431305061,0.857461901281208,0.857188813746142,0.857317421505412,0.856912319393661,0.856825722667359,0.856574828624346,0.856413170492182,0.856269497888206,0.855926314299569,0.85569794987068,0.855261128716151
"1980",0.861260962124297,0.859892109596332,0.859894093117061,0.859322679584421,0.859147266980286,0.858659375880442,0.858646579539974,0.858367486533362,0.858198583244157,0.857863601081847,0.85755804945707,0.857389573915879,0.857228081455361,0.856793884492931,0.856674694595732,0.856533553132982,0.856358060297275,0.855971083824999,0.855947835931437,0.85554211180414,0.855445523261921
"1990",0.860990170644654,0.859819762983599,0.859428217854883,0.859250455009187,0.859082254463252,0.859009166864556,0.85842015531957,0.858319989549489,0.858105839692894,0.857569055400296,0.857546881062965,0.85719184861496,0.857172991495535,0.857051331569081,0.8567570394581,0.856400907318547,0.856496724038532,0.855866638220341,0.855836995631837,0.855290467959785,0.855240000687665
"2000",0.86089336126301,0.860161210886881,0.859454550296461,0.858974993334465,0.858833461007828,0.858756964689617,0.858309567491293,0.857945088067354,0.857813323941762,0.857627622501595,0.857569086019458,0.857319689590171,0.85700686084734,0.856716549580907,0.856406313066967,0.856181524015627,0.855878417096428,0.855653503634605,0.855614762377634,0.85552283200597,0.854958795740337
