"","0","10","20","30","40","50","60","70","80","90","100","110","120","130","140","150","160","170","180","190","200"
"750",0.769989060442682,0.770021533690166,0.770513305290863,0.770474921636139,0.770811505693373,0.770604656620125,0.770164814876013,0.770631749914306,0.77047043719033,0.770555935041101,0.770502704500956,0.770818776526715,0.770543659846474,0.770750132989871,0.770375974051473,0.770733285013594,0.77065566488153,0.771101588121855,0.770918247329521,0.77038154936291,0.770305859823212
"760",0.770026619416454,0.77072305790595,0.77022197164858,0.770384905473078,0.771040487451129,0.770468097028812,0.770576503385643,0.771094543948179,0.7705627716656,0.770859687382654,0.77074691802404,0.770707324093546,0.770438375338341,0.770904927052336,0.770630889835486,0.7707137502428,0.770550167608774,0.770293552347813,0.770741134020829,0.770384890681499,0.770205716746827
"770",0.770248160514546,0.770214232082348,0.770355347465011,0.770963455381374,0.770884805988801,0.77095744145702,0.770722023439779,0.770909239546813,0.770578984014055,0.770815984345217,0.770841325785872,0.770576510361503,0.770577812083834,0.770876708618736,0.770442764357984,0.770660332450695,0.77043139697777,0.770242276468387,0.770736997538802,0.770513679618697,0.770262089109927
"780",0.77049549802934,0.770981461304308,0.770813791372649,0.770679404357962,0.770771136453249,0.770615428841695,0.770816854394868,0.770665592457886,0.770494435382731,0.770774836539583,0.770811814898774,0.770783835965292,0.770849016448331,0.770824222425044,0.770620117866106,0.770646993894968,0.770680044086313,0.770679800679931,0.770445483119309,0.770615115884743,0.77049295645699
"790",0.770156588829769,0.770679863611734,0.770720913694381,0.770488549978982,0.770308943503038,0.770368099489172,0.770784220705895,0.770690027926138,0.770756007008561,0.77077075594036,0.770481708302128,0.77064363906803,0.770836733597415,0.770544692049509,0.770617349483979,0.770514433237124,0.77090451729818,0.770640401887536,0.77028276352904,0.770521228843973,0.77026668089271
"800",0.770632559625839,0.770819812017042,0.770794209342622,0.770721922340883,0.770938308503434,0.770477708504369,0.770585141959418,0.770752437506684,0.770675831815331,0.770811508693018,0.770592389554162,0.770842317141855,0.770673439935714,0.770834663854218,0.771019639108758,0.770697410766114,0.770534070490423,0.770657193636414,0.770718986831429,0.770902519528609,0.770179838499424
"810",0.770622109430923,0.770761891800525,0.771004868831053,0.770476816126994,0.770887278634266,0.770914025024752,0.77087051303234,0.770696697738831,0.770842356660816,0.770878442193074,0.7710157955828,0.77128321635992,0.771074052632384,0.770980492851799,0.771108886732022,0.770984263295865,0.770829426253737,0.770850624907571,0.770633728568644,0.770700090232156,0.770691389745059
"820",0.770607939621875,0.77090377743362,0.770989004282245,0.770843832330248,0.771066278527418,0.770983510322951,0.77100742763971,0.770915953685697,0.77077254428404,0.77096525127585,0.770907064480224,0.770907098844421,0.771110045214128,0.771179627257276,0.770783577280347,0.770992498994156,0.770528382129101,0.770436258987539,0.770026040691669,0.770383659922114,0.770481602788251
"830",0.77089627658078,0.770866038394604,0.770676418644608,0.771289428825912,0.770711458204192,0.771085556226348,0.770949136274804,0.77116179566234,0.770675447122443,0.771223053122189,0.771005970179341,0.770950474383917,0.770734568876277,0.770396217927635,0.770715759614043,0.770744812409479,0.770463985646857,0.770661424021249,0.770331619595021,0.770373275067752,0.770721981813163
"840",0.770690652520867,0.770983535748851,0.77101729096259,0.771044195330605,0.770934962593477,0.770818104895792,0.770657089484365,0.770665912810007,0.77088465434744,0.771178916559577,0.77066323431413,0.770911919137585,0.770553682745353,0.770579420978877,0.77092666367046,0.770575551478081,0.77052193317243,0.770486987985649,0.770239857226634,0.770394411234937,0.770491288352514
"850",0.770905218787207,0.77094252534455,0.770940193197316,0.770884469050944,0.770787908961707,0.771054695001869,0.771115754425358,0.771126375931887,0.770737898559195,0.770701102051282,0.771049423233561,0.770813134952973,0.771048679788394,0.771015476402359,0.770937233514283,0.770792384186959,0.770596709329543,0.770687419860668,0.770150403580642,0.77040004009079,0.770381618703486
"860",0.771078221183819,0.771226542850865,0.771053995153078,0.770975362261151,0.771199919197162,0.770980651337079,0.770873294447355,0.771206806412365,0.770934879133006,0.771195331327752,0.771028618685734,0.770963599693061,0.770673869296246,0.770657032785812,0.770605504925313,0.770743263480061,0.77065204333411,0.770471297106817,0.770277711866519,0.770631751115761,0.770105956701686
"870",0.7709412878423,0.771020779720932,0.771010046618698,0.771360642792085,0.770965026319698,0.771175696562845,0.771224334021681,0.771066808675207,0.770974742158608,0.770910675681317,0.77087887571575,0.770819743743975,0.770904753271195,0.770773665739479,0.770795997846259,0.770862997616155,0.770562914107129,0.770431965001791,0.770484365642771,0.770424816266392,0.769942743915288
"880",0.771150047926345,0.770994509138254,0.771241959503276,0.771068473404604,0.771048958872755,0.771215940054044,0.771174986901755,0.771249674191065,0.771003504595705,0.77103681007463,0.770691065963113,0.770778147514662,0.770598251320724,0.77108127257839,0.771041923971873,0.770364109235692,0.770434566556576,0.770582785516601,0.770149766820881,0.770493104799874,0.769935047137967
"890",0.770751578360692,0.771424181915987,0.771466037121732,0.771093666939718,0.771102224169999,0.771069858268822,0.771006939973626,0.770990898598189,0.770982860291451,0.77109273539121,0.770619441411159,0.770718200850192,0.770864186868832,0.770878798859993,0.770741924092557,0.770426498034165,0.770600442115408,0.770198797300188,0.770376691709589,0.770203349634201,0.770160179978116
"900",0.771090274705764,0.771055689612827,0.770992393911363,0.771468432157149,0.771549347310963,0.770980197650829,0.771193879940798,0.770937147521086,0.770890449613664,0.770917246270008,0.770463214042851,0.771040428087338,0.770787339979704,0.770965459956199,0.770546105436811,0.770387747075164,0.770640771402891,0.770099820067521,0.770132166694897,0.770026647234352,0.769862010260577
"910",0.771003126445832,0.771188604693782,0.771436642067857,0.77141536646331,0.771307642312901,0.771159830960733,0.771017176588197,0.770970022010563,0.771021286330882,0.771039943312473,0.771081257008474,0.771072999575161,0.770754320607941,0.770459304933373,0.770422791320114,0.770076107839852,0.770517213502875,0.770000824406975,0.770038280030422,0.76998158502935,0.769760126472084
"920",0.770992257236985,0.770782803116556,0.771232623610298,0.771474616684304,0.771034977520908,0.770832723188619,0.771154159289991,0.771411920430531,0.771060857384195,0.771069099804026,0.770776120548434,0.77076775232061,0.77032898143436,0.770565147393068,0.770246710068686,0.770576745598081,0.77049681137585,0.770039131825031,0.769900838289205,0.770075160965881,0.76943201615577
"930",0.771445463418178,0.771579996983511,0.77138848873494,0.771377300482355,0.771091904306318,0.771225980476178,0.771324458404929,0.770989733265999,0.771082958356306,0.770812269592845,0.770983311180488,0.770887861821637,0.770685058856122,0.770392270555792,0.770451623628574,0.769975566295018,0.769998164887782,0.770204080626325,0.770086935184156,0.76960969870603,0.769461791595227
"940",0.771314602677036,0.771418473654509,0.771450616094766,0.771358493476324,0.771071260009431,0.771273772136283,0.771114600800548,0.771209189259239,0.770760231690402,0.770690977323667,0.770852797429674,0.770649544634281,0.770514534781469,0.770373018858088,0.770230911561442,0.770574241264595,0.769943436999731,0.769667052835568,0.769873080389886,0.769605284541902,0.769723807765881
"950",0.771321934391431,0.771112475252129,0.771703203386386,0.771323231533213,0.770925017867482,0.770808862116395,0.770876883459194,0.770935892651442,0.770964695843364,0.771228704229362,0.770896591988485,0.770652003298269,0.770517773323485,0.770498869005385,0.770510799858649,0.770237963314318,0.770302821364023,0.770494684121148,0.76957936986168,0.76951590596304,0.76961927496941
"960",0.7708200860239,0.771503036730159,0.771483423284365,0.771330615366793,0.771115544728845,0.77139127877441,0.770903903977135,0.771153941942751,0.770946836323809,0.770953569734353,0.77081080917008,0.77055910441382,0.770608817848155,0.770067005479744,0.770462576237681,0.770306667865198,0.770001251506627,0.770138303551751,0.769910931341473,0.769348569090871,0.769278228548163
"970",0.771244348873707,0.771055784602507,0.771122924636834,0.771127232799627,0.771276691925716,0.771403063561016,0.770999840860572,0.770974379802622,0.771120545784589,0.770817984691029,0.770916004226869,0.770772918708804,0.770585008897,0.770592752655573,0.770382262349713,0.770127253416293,0.770189548834588,0.769609002292355,0.769766912961773,0.769378514295623,0.76937895578745
"980",0.771352006820592,0.771113975023266,0.770987886477719,0.771270914850245,0.771306184475976,0.771439469496499,0.771098858097876,0.770660463438307,0.770653526077733,0.77080108560666,0.770603533160811,0.770145490911996,0.770503998725255,0.770340470265163,0.770156882370266,0.770139853782618,0.769671952734812,0.769670392677283,0.769437359134518,0.769496459597964,0.769118882340176
"990",0.771395930713242,0.771364462704032,0.771357579969206,0.771123176240215,0.771067695157367,0.771146795625281,0.770998592404883,0.770811083046163,0.770609970409901,0.770478931008086,0.770460270288879,0.770691277907069,0.770178544254388,0.770377458706942,0.770480104294293,0.7701055977645,0.769700676266645,0.769767882665436,0.769492509186399,0.769491133495573,0.769383205828055
"1000",0.77114195864167,0.770805729344932,0.77081367550697,0.771146157041793,0.771319311232284,0.770821848320151,0.77104425029213,0.770818142886451,0.770653861260074,0.77066924548552,0.770520841846692,0.770320100248847,0.769904717236592,0.770083014539031,0.769704822906188,0.769716669122131,0.769691317115941,0.769494858357786,0.769646076079258,0.769143361252334,0.76916947574137
"1010",0.770681915031167,0.770922200413409,0.771099670937468,0.771218347515358,0.771267188543896,0.771208702020542,0.771027560252376,0.770852753255285,0.770792397689695,0.770248540097661,0.770428721594359,0.770544077213672,0.769939653415112,0.769883812375568,0.769796094453525,0.769620618102335,0.769907635674364,0.769283532658634,0.769675234792149,0.769288848896417,0.769227910697581
"1020",0.771488524765216,0.771210091121046,0.771267237964714,0.771155034786447,0.770804523013643,0.771009825336057,0.770715441774551,0.770836079795726,0.770909064427784,0.770323011727092,0.770473307869856,0.770172117350317,0.770379126296987,0.770132922275303,0.770048880951686,0.769528321513552,0.769854577359481,0.76959042304029,0.769144584689156,0.768882973415972,0.769002041869714
"1030",0.770949029021173,0.771391301984845,0.770827822071801,0.770743361619441,0.770697898216132,0.771005699592058,0.771139269596543,0.770227142606429,0.770091097714612,0.7706880654119,0.770871640305907,0.77034074677373,0.77005106175124,0.769895773633406,0.769866795204204,0.769773412747275,0.769558704076825,0.769367449300788,0.769134983063078,0.768875745767623,0.768416995721983
"1040",0.771104205309708,0.771553920951608,0.770979429226845,0.770942487135512,0.770954529472924,0.77120183283063,0.770828156113123,0.770880561654138,0.77033084006456,0.770363419189518,0.770091709636009,0.770412724864619,0.769958012552405,0.769947612412318,0.769642235397503,0.769395482574062,0.769198413560997,0.769087718119646,0.769088014927196,0.768894618933186,0.768537444494125
"1050",0.771112569088153,0.771002567595037,0.771150488551107,0.771041702988168,0.77073376906338,0.770673565737062,0.770735546997924,0.770645866260417,0.770568593618916,0.770464985846761,0.770186589699028,0.769985922390254,0.769558729078137,0.769840709279954,0.769965586480832,0.769663317179814,0.769378524548048,0.769421353404034,0.768638527220825,0.769079112960167,0.768777272644724
"1060",0.771031713124429,0.770766282985007,0.771021163451954,0.771307185930569,0.771003481207035,0.770515109549402,0.770765261347892,0.77053294975144,0.770226739627996,0.770281521664959,0.76997782590692,0.770255921218462,0.769765648882269,0.769963579319095,0.769572961458757,0.769195256477622,0.769128097318738,0.76901652523643,0.769119047317004,0.768508986710346,0.768371509202231
"1070",0.770746534082706,0.771281712789856,0.770817112957918,0.77086663680454,0.770978953417297,0.77077284940232,0.770723503721834,0.770333629636529,0.770538131741884,0.770156028785719,0.770108381042441,0.769818361737334,0.769673013295383,0.76968187547367,0.769620717163218,0.769303963354095,0.769657057906839,0.768979596871753,0.768607198354933,0.768957748572137,0.768681203392754
"1080",0.770880598074014,0.77130048433909,0.771214984883229,0.771012224086882,0.770512862235296,0.770663177333763,0.770876256187253,0.770293387069563,0.770243142829905,0.77035005944812,0.770438913914819,0.769728929535909,0.770026058397726,0.769694171312591,0.769474837610931,0.7691985587809,0.769178390010417,0.768845574748892,0.769271879802747,0.768469074877441,0.768140225189438
"1090",0.771382402074108,0.771054843604861,0.770977960840047,0.77058982770589,0.770787794960754,0.770698181180738,0.770258803071528,0.770506373802958,0.770342634287039,0.770043984177163,0.76986965341318,0.769754685197103,0.76959265756692,0.769587665158528,0.769555081364351,0.769456180218085,0.768857847962762,0.768930666833872,0.768495137042686,0.768399172036973,0.76812736876895
"1100",0.770457372124186,0.771276536007548,0.771100402929415,0.770620188298568,0.770790681048461,0.770571057508581,0.770397461330577,0.770268383523739,0.769898690319696,0.770278107277039,0.769877218808007,0.76975230420758,0.769409698156279,0.769491219522803,0.769472987662168,0.768884981361983,0.769049669405611,0.768746636808935,0.768045564409445,0.768057450973671,0.768234588444064
"1110",0.771212690676056,0.77083075630499,0.770816578416286,0.77079964385226,0.770606918013861,0.770552004270388,0.770534787653606,0.770053902186469,0.77043419474911,0.769749781468863,0.770017338366083,0.769517452750077,0.769492364511072,0.769281260251535,0.768635468270678,0.768943692048463,0.76865570559219,0.768841888822097,0.768102881702892,0.768036233608565,0.768117458085847
"1120",0.77099103711483,0.77092530940465,0.771025612175503,0.770629478460559,0.770728195098085,0.770799275803956,0.770187943216677,0.770004041385037,0.76992780934719,0.770113998782924,0.76997272376932,0.769746527657624,0.769564979847158,0.769147293268757,0.768960342890479,0.768745178958259,0.768631605077445,0.768460347580794,0.768115188448616,0.76834673643083,0.767494547751317
"1130",0.771140256588521,0.771237514224193,0.770701696143616,0.77088238427401,0.770701827039549,0.77077797004258,0.770000107353636,0.770488552954929,0.769791862726737,0.769681844519327,0.769411939252733,0.769285062477777,0.769389556371196,0.76924422132119,0.768539850178154,0.769032139904765,0.768552576244678,0.768238844731134,0.768347156674327,0.76812262341386,0.767842731582602
"1140",0.770688817967326,0.770654773428061,0.77068652554943,0.770694946303392,0.770469718075091,0.770053037588406,0.770037336764638,0.770480877463626,0.770005213444516,0.769682024024919,0.769139143283092,0.769317348814478,0.769309094996024,0.769021052388078,0.76931440482733,0.768603302663945,0.76854194878865,0.768097156831014,0.768075787001645,0.768030698676597,0.766756327583045
"1150",0.770725699446904,0.771127338425972,0.770443938680332,0.770534007654915,0.770341499915057,0.769949624287272,0.769883208330143,0.770202098624788,0.769991490538687,0.76966132033064,0.769428846875169,0.769089349302357,0.769118155698745,0.769044981877189,0.769182081221001,0.768668597035172,0.768567230256854,0.768070994131735,0.768151527719331,0.767958047501147,0.767378301829875
"1160",0.770670989908225,0.770765487408874,0.770825605996007,0.770493749147233,0.77027201803827,0.770388204149117,0.770017321036652,0.769937968843515,0.769589475164494,0.769601785036991,0.769503731286277,0.769335094842164,0.768693627622246,0.768840860084132,0.768638654838633,0.76845147143179,0.768614517464581,0.768489183939586,0.767880434555047,0.767723586870035,0.767595838373203
"1170",0.770545210694665,0.771220516781592,0.77070041100754,0.770559575709152,0.770200878053991,0.770369100605707,0.76990628101509,0.769674706558514,0.769897179753187,0.769667988299679,0.769654683127799,0.769096532441623,0.768894078788729,0.768899592165784,0.768483788401961,0.768437422171654,0.768185848128759,0.768444507888608,0.767619945646348,0.768167737320075,0.767469634537928
"1180",0.770770292522612,0.77093111984866,0.770488642124143,0.77051522312014,0.770112266638052,0.770253256189908,0.769691767983593,0.769449710866962,0.769305479969141,0.769468907846983,0.769256806801778,0.768859114340465,0.768840784618674,0.768714541544621,0.768868392580298,0.768298488962393,0.768101242095394,0.767939170256551,0.767914130109298,0.767591914479878,0.767152832534061
"1190",0.770737112971428,0.77074746819797,0.770891195416963,0.770696981000609,0.770147144110457,0.770103226421853,0.769882467602739,0.769376573772497,0.769665219077554,0.769532728456765,0.768945020200417,0.769156402058061,0.768750088564283,0.76831014735112,0.768342243465909,0.768390667178626,0.76772296434993,0.768088059715751,0.767524321060186,0.767347252354542,0.76749865171588
"1200",0.770298612295317,0.770675327829864,0.770118469361387,0.770153028700468,0.770062100026345,0.769884744513084,0.769679656927553,0.76979938314982,0.76940660051382,0.769738313260206,0.769214337501,0.769001505544126,0.768562398712362,0.768300122376151,0.768384499005635,0.768199698182057,0.767866879559479,0.767696317944076,0.767640674488261,0.767353653759341,0.767113138223638
"1210",0.770653859473894,0.770703764207846,0.770623272442251,0.770574969802823,0.770272060804922,0.770041628831785,0.76941798456381,0.769049098092196,0.769212472737297,0.768896117599804,0.768920426713653,0.768994344084607,0.76840668931314,0.768351736651674,0.76831441643187,0.768307431797231,0.767719242530422,0.767711692349336,0.76753938200786,0.767153357861502,0.76698393329904
"1220",0.770236639639798,0.770822914318194,0.770600097059597,0.770079592008892,0.769708209972644,0.769791956974041,0.769699646870669,0.769058633101985,0.769774885813744,0.769251415125147,0.768585149012474,0.768904923455793,0.7686185901232,0.768558461409055,0.768496800821684,0.768359718850441,0.7682337601979,0.767547787997243,0.7673332996475,0.767448427391952,0.766558765428109
"1230",0.770442707734653,0.770676483948978,0.770157947010063,0.770419647573196,0.769781731556522,0.769445772339792,0.769690425116229,0.769611247973239,0.768817312061846,0.768419608722546,0.769251033437423,0.768558280830201,0.768264441902242,0.768165050590817,0.768413312520509,0.767907856849117,0.767700172400653,0.767477062106228,0.767439191583051,0.76730185390313,0.766345022385941
"1240",0.770396676564063,0.770770295193266,0.770230513202594,0.769872950366637,0.770073951393711,0.769274155926098,0.769845349071313,0.769024832814393,0.769330307275194,0.768490016608554,0.768999798143823,0.768699347479773,0.768275757042662,0.767985280874206,0.767890433367261,0.767647331989431,0.767615208918104,0.76773594916841,0.767477837605299,0.767280169015724,0.766952101313787
"1250",0.770269736958803,0.770409362237948,0.770043874901594,0.769696720047812,0.769872166486745,0.769244501232704,0.769228280009669,0.769137738625559,0.769247027985975,0.768831070147325,0.768722432457642,0.768177195284447,0.768477004976931,0.767987835184093,0.767728045370699,0.767967659290406,0.767248387831811,0.767214649299013,0.767239652380894,0.766930195874417,0.766731819652871
"1260",0.770429394513535,0.770208032227577,0.770033086828758,0.76977781333047,0.769937858987884,0.769389609769334,0.76884638430324,0.769505345398791,0.76885020070049,0.768834789150157,0.768583217551308,0.768799533619184,0.768223889420131,0.767830661833036,0.767513030086536,0.76772125889483,0.767615426175174,0.767812515621062,0.767284065815146,0.767031787727664,0.766336893716664
"1270",0.770649942665752,0.77053997244061,0.769995071245973,0.77001350622017,0.769630244512947,0.769325107056784,0.769186510690855,0.768506934539271,0.768870459677283,0.768289372006672,0.768262994808308,0.768466943479329,0.768428221832569,0.767784235913706,0.767715341515638,0.767737783901674,0.767370359792655,0.76751110699618,0.76688410983068,0.766492426978782,0.766225513945456
"1280",0.770011598600523,0.770518305361051,0.770184829209599,0.769818649903187,0.769985434328634,0.769665729999457,0.769615897542172,0.769241000549667,0.769143433327219,0.768619995726168,0.768697234623986,0.768263001652347,0.7682076152925,0.767624746406078,0.767852693693789,0.767457975251627,0.767184153217633,0.766947182293878,0.766896428801418,0.766465777776037,0.766454952784192
"1290",0.770102793975431,0.7705770274385,0.770082791796777,0.769845758265946,0.769734642698141,0.769083299137667,0.769138442504752,0.768624947820265,0.768529000694844,0.768134063743241,0.768500862585282,0.768247902609624,0.768007248360256,0.767456640976544,0.767695522135108,0.767437826224007,0.767368258527027,0.767224761963414,0.766940557344771,0.766463120686675,0.766437370799393
"1300",0.76992167547421,0.770420555418258,0.770029507175676,0.76953975689508,0.769440529546896,0.769543360533363,0.768963399544459,0.768776093050656,0.768366395689162,0.768141520843936,0.768804908834117,0.767880498495574,0.767759937923664,0.768076629660929,0.767651734050154,0.767386924365226,0.76744817359917,0.766754695499577,0.76610699266547,0.766116672245184,0.76584973270695
"1310",0.769636089953897,0.770178443920291,0.769679572655046,0.769829912639517,0.769216777213183,0.768903059505367,0.768506488469048,0.769003520302216,0.768178762447354,0.768424228394827,0.767783141718031,0.767927991223201,0.767669333571134,0.767405532175679,0.767771688362351,0.767439421841928,0.76707519007106,0.766594517996138,0.766485174364199,0.76635893843928,0.765899910046997
"1320",0.769716212776021,0.769871915915625,0.769794134269866,0.769304479772784,0.769251844023593,0.768802522596186,0.768561729235525,0.768812538672173,0.768669811104671,0.767910584398024,0.768011751033034,0.768043987150163,0.767704351283277,0.767373711467176,0.767341981632137,0.767091693338336,0.766713521726909,0.766442267675587,0.766298133695992,0.766374691340196,0.765841365069193
"1330",0.770015333497254,0.76994858740193,0.769800098026884,0.769375498638206,0.769185518236166,0.76908471074178,0.768856520171818,0.768681642020875,0.768608809260861,0.768059923118375,0.767792342014467,0.76797802440457,0.767730558548483,0.767209017439527,0.766803963142753,0.767336308622538,0.766708925983741,0.766405261843724,0.766797002691638,0.766136416928869,0.765683149611122
"1340",0.770171184146472,0.769840094013994,0.769749097430743,0.769021952836263,0.768928373917411,0.768572756862845,0.768207398614164,0.768375110620568,0.767871198783391,0.767576665802777,0.767872319045214,0.767888574521897,0.767528038629617,0.767374161079585,0.767231436120714,0.767062404024575,0.766778459388731,0.76642501799354,0.766189727900971,0.766223168904694,0.76546947241893
"1350",0.769945829264955,0.769888920971951,0.769655685098411,0.769374440959904,0.769261532092471,0.7688431705555,0.768269564712934,0.768666352097197,0.767840876438434,0.767665707457321,0.767497170074747,0.767897682632928,0.767381333089698,0.767336445668476,0.766869630490836,0.766837105214323,0.766505242579371,0.766158890286201,0.766557398409513,0.76601019673804,0.765162452261484
"1360",0.770073969530225,0.769587832512656,0.769260374224247,0.769180282379868,0.768814276057518,0.768300238364718,0.768377067734797,0.768059528862534,0.76795434887967,0.767384892265331,0.767762909740963,0.766917931590565,0.766882530910223,0.767007637767755,0.766950675709965,0.76600997094,0.766918135669047,0.766369304080806,0.765913445239324,0.76577889300884,0.765679120120054
"1370",0.769792136758097,0.769645526615948,0.769197138128984,0.769190446373586,0.768628216923961,0.767690277049413,0.768442803496118,0.767943882050106,0.767416456973411,0.767805762302344,0.767000321307252,0.766844227855603,0.767376703842387,0.766867289365139,0.766584436723906,0.766683864668845,0.766580869678179,0.765802381209292,0.765752442990551,0.765124758011932,0.765562939535579
"1380",0.769468419262016,0.769625242983422,0.76952559098667,0.768720668136483,0.76871779048792,0.767975745498763,0.768082479620603,0.768002714743697,0.767566817651785,0.767370375903455,0.767354964106732,0.767247882592938,0.767055727411409,0.766375684167237,0.766528687426681,0.766814064673461,0.766470890492692,0.766049899727674,0.765885815040298,0.765609158673795,0.765184690702956
"1390",0.769460455493544,0.769775276742353,0.768840471009517,0.769104136291778,0.768595175805404,0.767943579425376,0.7676832009845,0.767915124499989,0.768004590759016,0.767228860889493,0.767374707204848,0.7671378052028,0.766761102033929,0.767113001615069,0.766910677792111,0.766099109705244,0.766275508932526,0.766033092016221,0.765860781141096,0.765277963629794,0.765684119721681
"1400",0.769600296375147,0.769748681404275,0.768791910784338,0.768802494891311,0.768770460335075,0.768333106907592,0.76802515250249,0.767701520515493,0.766986355460428,0.767247307052144,0.767391467958289,0.766529215624209,0.766937372954587,0.766475041103692,0.766858867276853,0.766319995793527,0.765897547119759,0.765970802006631,0.765889100097283,0.765362285223208,0.76566956531369
"1410",0.769235077792595,0.769458447623578,0.769351593503553,0.768068802991917,0.768198277406774,0.768502170820696,0.767623636872013,0.767604560493846,0.76727554655659,0.767494824873911,0.767141114844749,0.766616761115125,0.766967636630364,0.766737786114471,0.766174707139301,0.765961885673807,0.765924285788448,0.765536470007977,0.765525242047191,0.765497741949768,0.765139905003758
"1420",0.769409941566077,0.769535402367485,0.769477776737115,0.768762892605978,0.768790756085415,0.768596005993946,0.767563247602033,0.767430729544705,0.767515385429953,0.767668225883078,0.766607396613608,0.766294044548221,0.766653436605099,0.766140227708093,0.765822642042054,0.766141591490696,0.765824387170331,0.765018695040068,0.765692611432828,0.765181271082319,0.76498636230648
"1430",0.769667053745773,0.769324593961424,0.769290956805169,0.768707715644316,0.767890220612221,0.767756908880567,0.767714691498415,0.767380893430956,0.767670637830302,0.767082414859801,0.766793645706237,0.766856645845391,0.766542458598014,0.766168530455997,0.765615595913109,0.765850245530985,0.765964000371074,0.765532270142792,0.765052599450285,0.764662661701581,0.764777973859196
"1440",0.769572771618312,0.769360634595352,0.768962811738391,0.768783349850888,0.768379656656704,0.767887153687668,0.767852864407402,0.767129069181698,0.766844330974233,0.767001384177155,0.766812274825936,0.767094527494609,0.766558229220078,0.765803989992692,0.765425767689384,0.765299348236706,0.765204267880449,0.765168108549898,0.765240421106038,0.764721248991773,0.764378049168056
"1450",0.769564805244618,0.769296445971812,0.769045859084047,0.768630842965176,0.76847265746363,0.768133854102436,0.767147180630589,0.767451791926812,0.767113703211167,0.76709029809708,0.766858368408731,0.766276073317748,0.76624818629945,0.766026682072109,0.766171815691791,0.765536397150574,0.764990612204272,0.765273331493181,0.764880824577666,0.764612069708501,0.764373983973774
"1460",0.769312578555495,0.769311114942313,0.768649302160373,0.768494054014502,0.767869172289059,0.767797298335767,0.767763609130382,0.767183882370077,0.767401119154499,0.766719901473262,0.766768362974251,0.766418935025496,0.765662279746069,0.765974932146346,0.765656369980296,0.765033035731281,0.765128980038785,0.765511969730535,0.764557033987929,0.764436422894832,0.764743193575079
"1470",0.769310919295256,0.769317463294247,0.768572038531047,0.767724874013559,0.768221498409652,0.76760272473569,0.767762294277284,0.766815132359256,0.766967573799422,0.767013780541077,0.766184635067872,0.766534535531434,0.765815127916463,0.765755230742959,0.765569841165642,0.7651967473978,0.765353007471265,0.764726232948301,0.764757576279823,0.764578200811517,0.76415323654648
"1480",0.768869184750265,0.769467674672142,0.768421138823301,0.76801335423957,0.767831877676272,0.767629110605917,0.767249276811344,0.767303292405597,0.766474651661967,0.766118467691643,0.766449523213315,0.765563371238242,0.766020855378297,0.765645549942852,0.765289274197382,0.765201372537392,0.76460430232793,0.765024545933439,0.764447354234771,0.764409653641572,0.764504630914759
"1490",0.769168462664465,0.769108172691748,0.768795329746525,0.768156423842769,0.768186512412601,0.767596165065344,0.766920150723074,0.766777876081164,0.76678215610028,0.766682219860879,0.766260795111863,0.765836536151633,0.76536970026612,0.765342265688552,0.765692510252375,0.764920753805647,0.765215973324916,0.765140359001887,0.76465694268748,0.764225915636065,0.763442776634848
"1500",0.769137029191932,0.768991319960359,0.768611657285786,0.767713428258974,0.767417349445335,0.767197233550025,0.767084177968457,0.766206160865637,0.766275251858251,0.766451137350691,0.766160616442647,0.765894864151997,0.766057972548341,0.765478649722936,0.764846078519757,0.764909899949534,0.764501218295269,0.764802150485291,0.764167325045979,0.763947837033346,0.763904933770075
"1510",0.768849615806306,0.768671324313132,0.768880383550649,0.76761499217245,0.767756214861168,0.767497049597583,0.766798032165222,0.766780506127857,0.766570867220649,0.766097287003687,0.76635406501597,0.765668618643639,0.765557376918446,0.765794435414523,0.765208696378002,0.76470092136915,0.764410825841041,0.764621948387121,0.764202065754134,0.764403261594491,0.76409665386293
"1520",0.76867814914958,0.769397240900893,0.768077873296685,0.767894432937806,0.767566714763781,0.766959720583387,0.766513449581629,0.766524856163943,0.766464663165409,0.765791561796893,0.766056664327062,0.765917012472404,0.765900440880791,0.765624607101677,0.765257696275319,0.765213562769145,0.764219133373673,0.763857363587154,0.764451404121262,0.76410562297889,0.76345133646417
"1530",0.768897749397703,0.768511021312763,0.768091028362349,0.767793246497404,0.767126153939193,0.767066279297807,0.766698275550263,0.766890762374906,0.765884861236965,0.765707398327245,0.765858206718284,0.765299377685938,0.764916413330495,0.765089482932926,0.765174495368964,0.76438733689628,0.763964986770326,0.763992473217419,0.764097760724594,0.763926759386828,0.763203158675133
"1540",0.768579530918273,0.76855958600694,0.768749333630505,0.767335120950812,0.766959571463008,0.767059360436354,0.766927127572505,0.766783153801219,0.766684700489767,0.766159307199038,0.765825898381616,0.765693239357232,0.765158237564352,0.765812222776237,0.764947831939687,0.76479940263604,0.764123687399182,0.764586117476463,0.763309743250119,0.763708854557534,0.763890828731782
"1550",0.768736507695286,0.76853432584691,0.768029247572027,0.767751167802398,0.766787441046526,0.766910687686088,0.766384486805406,0.76606933989307,0.765728209934627,0.765919858593398,0.76541657852023,0.765499181045012,0.765289596503772,0.764727857700653,0.764304294816238,0.7642556747317,0.763966889234786,0.764215042876457,0.763249933678802,0.763261341744095,0.763807228595182
"1560",0.768303326428486,0.768773868895357,0.767870991722717,0.767748355988482,0.767223413336901,0.766890239426529,0.766423549959418,0.766286598743147,0.765665422889681,0.765604281970134,0.765783524216149,0.76530219723687,0.765270510276709,0.764579563888155,0.765153856693241,0.764200721423158,0.764407918572397,0.763952452215796,0.763711417967395,0.763182262607097,0.763171661224636
"1570",0.768636547725729,0.768728902315266,0.767921708637035,0.76794708651366,0.767216301807021,0.766609777795962,0.766119408478543,0.766384137421586,0.765645027864016,0.765813931518546,0.76577175163909,0.765242392136277,0.765015089440612,0.76505931239919,0.764684365399517,0.76430460627751,0.763901254654446,0.763521656647885,0.763293747805216,0.763023249911982,0.762933243750552
"1580",0.768941683931399,0.768873923778121,0.767811560756621,0.76776663727733,0.767010437090766,0.766643613525295,0.766418617083549,0.76577145236404,0.76588404891752,0.765527541088392,0.765055346724133,0.765019089037548,0.764710482960563,0.764573127834316,0.764684655925129,0.764744422039458,0.763886867604705,0.763974854167063,0.763578011057251,0.76303874277137,0.763381652459035
"1590",0.768820472709831,0.76863455434214,0.767709228395714,0.767701786543427,0.767032618400949,0.766530211067886,0.76639230081566,0.765821280023147,0.765782200594513,0.765303484577123,0.765313824606179,0.765157704914778,0.764762387083181,0.764184766833338,0.764290305658174,0.764284066619712,0.763865014382595,0.763635014189714,0.763512585910454,0.762711132974189,0.762619387986003
"1600",0.768231166298933,0.76859581850038,0.767999484187826,0.767558084698767,0.766627619764187,0.76642330695397,0.766141535898809,0.766103091824133,0.765587363132281,0.764724450389844,0.764426723602095,0.764596394296178,0.764532360458341,0.764370767873156,0.76425169426274,0.763712044844053,0.76381008582387,0.763584649336753,0.762993966300512,0.763051214436656,0.762971183490056
"1610",0.768733979096273,0.76826368366812,0.767480650947051,0.767118856306877,0.766726900599298,0.766778833935918,0.766111456421391,0.765996335627331,0.76528773280682,0.765292962368641,0.764826261956625,0.764036113702318,0.765056211693504,0.764198534349922,0.76390305785796,0.763442813236919,0.763536043034972,0.76337348516,0.763273850726439,0.762988693452454,0.762804304321738
"1620",0.768531242718264,0.768625591896817,0.767354508924528,0.767611727700555,0.766662755901433,0.766610591503317,0.765657286096756,0.765562230575224,0.765361037611422,0.764981334805955,0.764734290328884,0.764843731912793,0.764780448240097,0.764255548880247,0.76396446198957,0.763853758075311,0.763095166320527,0.762912862592868,0.76332853966536,0.762935602931726,0.762928024362932
"1630",0.7680596674794,0.768552716618246,0.766998198462009,0.767456085370821,0.766486874656511,0.766188965374554,0.766458794807865,0.765700516743547,0.765251487143535,0.764769123661961,0.764698876448112,0.764000988040003,0.764731384572906,0.764029512096968,0.763957029076742,0.763202350953623,0.763124216088741,0.762888630424818,0.763365992766438,0.762694593489457,0.762970536138277
"1640",0.76808837824364,0.768107326839683,0.767491988436113,0.766951230172313,0.76666061302674,0.766396205496136,0.766283184226194,0.765176976014851,0.764937406146209,0.764612418550925,0.764849471852827,0.764413567271596,0.764271855665724,0.764115615669987,0.763748171300612,0.763216068071113,0.763362500428951,0.762956873130323,0.763095748791282,0.762632382105885,0.762127376454541
"1650",0.768442144633349,0.767851887699626,0.767297116420415,0.767073538944554,0.766667624694407,0.765798653462734,0.765939044525686,0.765600518639317,0.765453347326786,0.764719909936128,0.764481311757881,0.764402334511974,0.763915841541936,0.76382757673845,0.763373856055213,0.763515361685779,0.763560587522374,0.762876353565042,0.763332249795355,0.761868463938926,0.761662448756181
"1660",0.768049258535554,0.76807502494394,0.767834757114107,0.767283737330322,0.766752633341611,0.765834486256019,0.765469135638379,0.764999521757021,0.764686784327991,0.765045902684914,0.764191537968939,0.764459185676272,0.763977699607795,0.763336590336114,0.763964383953551,0.763416223759947,0.762756251152556,0.76254371055882,0.76252845306128,0.762416893719969,0.761991071730898
"1670",0.76814978781451,0.767736619409174,0.766705524154316,0.767141301400862,0.76661540318206,0.765922461572803,0.765434372212907,0.765210492337108,0.765262869524703,0.764909202492523,0.763663408585991,0.764399281457812,0.763804950176984,0.763495670879701,0.763502063605887,0.763236533428022,0.76344619986532,0.763114102117055,0.762520877197556,0.76195646355708,0.762435047134095
"1680",0.768131540462042,0.767999667569746,0.767331782094972,0.766314137540379,0.766303123338235,0.765520565426434,0.765921607751572,0.765480746764928,0.764461206319192,0.764339988829098,0.764045133138417,0.764109892032451,0.763768390287714,0.763644322974988,0.763418633107662,0.763284494446028,0.762735180006413,0.762933435554941,0.762682876617327,0.762057246433988,0.761757580431956
"1690",0.767555958671193,0.767777561709373,0.766944410955142,0.766465123548904,0.765736811770076,0.766051613046148,0.765456898835695,0.765128128606841,0.76436024304486,0.764374592565158,0.763901566484639,0.763679162526868,0.76383297852853,0.76348250618167,0.763105363000653,0.763202577219343,0.762768855467356,0.763030233418347,0.762409276859687,0.762450124008486,0.761836198204801
"1700",0.76794472533721,0.767937420491399,0.766963219155833,0.766595275918605,0.766093969590029,0.765895132387954,0.765868742934046,0.765877656318408,0.764139277851791,0.764383730592344,0.764393195603061,0.764113004297224,0.763678401210296,0.763187188916315,0.76320121831252,0.762570784536417,0.762864685552177,0.762369756795349,0.762387447513154,0.762351927195825,0.761686565391688
"1710",0.767941803851479,0.76770734209642,0.767024718007239,0.766703263851419,0.76620750462333,0.765869378394164,0.764800729287743,0.76481131479573,0.764693701166116,0.764253917582053,0.763995300431037,0.763415978773617,0.763182425051732,0.76293885221351,0.762643533935279,0.762778210776807,0.761790407753996,0.762172748430057,0.761813424604779,0.761800634151444,0.762094303121736
"1720",0.767993266418604,0.767828822722379,0.767317948187653,0.766656970674482,0.765717764537653,0.765962066543108,0.765575157744928,0.76508937290719,0.765330372821546,0.764338828486437,0.764001788825899,0.763431033995638,0.763087816530951,0.762194655567606,0.763291680266115,0.762747525860511,0.76229689479837,0.762212051231809,0.762027012787429,0.761807819650803,0.761964033015253
"1730",0.767807309873023,0.767277199775723,0.767310117196728,0.766496976308085,0.766129179623474,0.765563491556974,0.765545174886686,0.765089229342186,0.764825334272324,0.763854340776784,0.763481447647662,0.763501902812786,0.76298522402045,0.763108717366787,0.762930084444695,0.762212072801945,0.76224756631584,0.762605225202218,0.761918790931992,0.761462459229356,0.761683412216025
"1740",0.767285227650382,0.767499271644277,0.767127335844558,0.766227125429153,0.7653533217909,0.765601232413984,0.765097765196776,0.764843695431218,0.76460580258875,0.764049369846734,0.763874595394818,0.763491719793986,0.763403324601062,0.762825173509573,0.762104222374596,0.762434789274142,0.762160092245603,0.761949693901043,0.761769023048715,0.761061718007011,0.761609131917904
"1750",0.767989408417904,0.767276787458056,0.766422733475266,0.766400234503604,0.765597959448463,0.765512840691914,0.764648556409911,0.764559275783896,0.764528046067542,0.764129705932564,0.763540802599303,0.763296542232214,0.762634992876681,0.762451401098278,0.762747523914337,0.762288343236748,0.762017807628842,0.76190682740012,0.762260830145631,0.761384889625523,0.761306595330839
"1760",0.767270173341251,0.767643192250599,0.766905670609443,0.766221981918287,0.766081866704518,0.764775525579129,0.7653535393798,0.764782940167921,0.764367768828094,0.763698648257293,0.763209539176152,0.763078062777065,0.76306993656331,0.762677826779186,0.762890763575037,0.761803885864242,0.761888440942283,0.761784909301594,0.761584025522196,0.761605905284363,0.760963050940683
"1770",0.767570547485936,0.767470560738385,0.766680195314789,0.766289122374835,0.765303583992672,0.765344247888779,0.76464427965835,0.764622667433686,0.764052434580608,0.764065505631164,0.763627680291971,0.762771108085393,0.762482979010158,0.762496964947984,0.762309191153587,0.762086805053306,0.761518962581585,0.761497997289313,0.760984322117525,0.761263160953945,0.760390601307915
"1780",0.767641146140096,0.767165531760259,0.767093998619095,0.765863063739191,0.765443869122205,0.765313618567298,0.764722218942097,0.764673918702285,0.764403560859438,0.764172984278951,0.763351686576665,0.762791315946415,0.763086012725951,0.762013996738733,0.761805020008966,0.76137292536495,0.761800993032057,0.761691530341846,0.761325012097003,0.760715913802495,0.760914169190666
"1790",0.767427564646035,0.766984016457556,0.76628893620878,0.765702334711524,0.76556138058808,0.76512471506245,0.764447894605319,0.764454466119969,0.764463704368962,0.76401346730651,0.76345449072816,0.76275360280383,0.762205957807291,0.762251725018832,0.761530137540184,0.761812985687848,0.761163955492334,0.761006648055352,0.760776817646764,0.761119672828002,0.760659235979947
"1800",0.767729126694369,0.766575313425471,0.766071421040177,0.765145858421843,0.765241208682735,0.764678323932206,0.764677069414379,0.764305856054696,0.7634091644761,0.763480815181131,0.763739028921042,0.76305771689585,0.762833634105057,0.76209789058884,0.761524928082245,0.761590978958808,0.761450889842317,0.761420156928696,0.761191809637346,0.76076100743194,0.760343048729752
"1810",0.767587434784921,0.766832012708579,0.765553718304617,0.766050967085307,0.765555224422276,0.765251716893562,0.76472695911321,0.76393473881502,0.763885288539003,0.763988635424105,0.763452729178353,0.762768111254686,0.762075621296017,0.761823058610632,0.762020015798492,0.761690485846031,0.761258954309968,0.760765708622572,0.760138548961557,0.760480017247761,0.760459710763855
"1820",0.767494425619946,0.766858261410942,0.766626256913846,0.765464839399435,0.765419394302104,0.765361902441621,0.764584960105928,0.764606872731291,0.763856719632443,0.763590941593667,0.763369073158039,0.762400119725933,0.761893750437809,0.762079186977419,0.761519759151552,0.761241896418724,0.761393174734925,0.760589309284132,0.760459609289244,0.760774920541324,0.760459540354965
"1830",0.767427757353992,0.767741918522733,0.765797310051463,0.765683180080981,0.765084267949773,0.764925618694457,0.763828116764087,0.764347331272993,0.763906872961247,0.763360365324324,0.763135189877976,0.762767594606184,0.761760797261732,0.761368118923094,0.761062077477328,0.761150059902387,0.760975363324652,0.760635276308024,0.760890373150037,0.760179515439113,0.760125800114168
"1840",0.7674164014241,0.767241753967124,0.765960095703287,0.765951487629936,0.76519920351202,0.764941651695572,0.763997541740317,0.763787310418121,0.763896025052307,0.763099002661734,0.762898739827383,0.762715606666511,0.761657381687336,0.761164961810897,0.76142115551115,0.761025335148187,0.760660941752877,0.760665819753517,0.760526788672562,0.76030444555139,0.759772267135304
"1850",0.767005341085271,0.767148647327254,0.765107751023785,0.764800937297557,0.765154372446378,0.765046062686426,0.764365118564169,0.763653327496175,0.763916472996516,0.763448171148304,0.762450611643086,0.762653388909494,0.762314420452305,0.761618583380006,0.761049161054837,0.760886466221511,0.760221223834045,0.760378609686935,0.760225556049602,0.759670825065662,0.760349281745062
"1860",0.767237469501239,0.767404423797647,0.766090474489631,0.765187629764828,0.764921430122754,0.764590193738717,0.764225700003288,0.764412732796392,0.763315102524534,0.763917287065002,0.763276913762035,0.762267583200408,0.762177810917992,0.761139222070712,0.760930210092046,0.760698560849726,0.760577814233568,0.760456498921582,0.760483685901641,0.759985588636774,0.759759774386087
"1870",0.767646833177059,0.767523797020555,0.765768846034437,0.76499747233957,0.764409254365944,0.764336073995317,0.764281211156846,0.763561538184156,0.763679549441098,0.762373060015824,0.762554346923136,0.762581466445548,0.761704968535707,0.761248344847659,0.76103201651509,0.760756589754138,0.76077520222249,0.760289571966741,0.759860280406576,0.759995999919667,0.759747171492356
"1880",0.76714819074531,0.767050289400379,0.766313840636965,0.76485137467932,0.764817917852811,0.764381787038752,0.763847249436814,0.763728940231081,0.763336108938043,0.762831945365211,0.762600971021066,0.762501714274298,0.761408078722841,0.761403058840537,0.761224406591949,0.760343091460956,0.760465766237863,0.760684378541757,0.76015902785762,0.759545603686048,0.759295602337552
"1890",0.767298111156722,0.767361184014899,0.766233604779328,0.765366521104946,0.76469604872489,0.764579817624324,0.763828432405482,0.763471477984977,0.762953298548146,0.763023843805029,0.76260911925771,0.761780607593386,0.762053530368366,0.760931099554316,0.760835327107053,0.76018580839471,0.760457650637116,0.760311203957488,0.760185861146059,0.759547821503936,0.759317375388078
"1900",0.767138621422591,0.76678678197485,0.766571808761905,0.76503534605001,0.764791358758246,0.764283635367982,0.764129684890786,0.762920994237,0.76279483564107,0.762959681532567,0.761993059100321,0.761809700338366,0.762142539748452,0.761014883363185,0.760867500071717,0.760112006340205,0.759984105879467,0.760166732098127,0.75946553568027,0.759586607859352,0.759338051979243
"1910",0.767235696611453,0.767055820816073,0.766563467760575,0.765159959265807,0.764362030822126,0.764031041340038,0.763348455654278,0.763209184112151,0.762671879982174,0.762249469466366,0.762010350436821,0.762366697630949,0.761706824601483,0.761390414587283,0.760487278200281,0.76009966389365,0.760172613991517,0.759627716820966,0.759272284021577,0.759574507892444,0.759055578483135
"1920",0.766982082803718,0.766698708092875,0.766381710651281,0.765196802933909,0.764062979725728,0.764035113241657,0.764055358358412,0.763524348464972,0.76297336912879,0.762373367623101,0.762126687363351,0.761697309721275,0.761839517785818,0.760714745181961,0.759865072576304,0.759670756269008,0.760170713869494,0.759864116755791,0.759798682886169,0.758725590629164,0.759184436825025
"1930",0.766462454414806,0.766273809647536,0.76598461873318,0.765175015738295,0.764591191568869,0.763942800986828,0.764132682016485,0.763373865579057,0.762926259588573,0.762356667821062,0.762302648428485,0.761489816062273,0.761521877599279,0.761237567946117,0.760429808777285,0.76009137689055,0.759997846716893,0.75939386465988,0.758963384085681,0.75915980313593,0.758996786407924
"1940",0.766796799748861,0.766407755460985,0.76540379406044,0.765001645733582,0.764796974480896,0.763670673259641,0.763730449123756,0.762922582267952,0.762855856706087,0.761975389448646,0.762111243790976,0.761717818818314,0.761205455659527,0.760603294188816,0.760956516048395,0.760235636506089,0.759797614639543,0.75999780866286,0.758928733391579,0.75877585065966,0.758718608999788
"1950",0.767113860506435,0.766187433090517,0.765573111936618,0.764809006915056,0.764048400786551,0.763876171185232,0.763323458866265,0.763189904659779,0.76232106208433,0.76213462171711,0.761577587211307,0.761541157811479,0.761311226052339,0.760973537230965,0.760574584083677,0.760214901675905,0.759670300289797,0.759064514939637,0.759662682316214,0.758905436401058,0.757847243655796
"1960",0.766814281442154,0.766139229245113,0.765368647104106,0.764371665747557,0.764550645536223,0.763792510008437,0.763828986885081,0.762778546967633,0.762651550565278,0.761980126310429,0.76174899883643,0.761202377696567,0.760688377706728,0.760530861976478,0.759993282975414,0.75986779083416,0.758997066393331,0.759398693278961,0.75908746292934,0.758993340402802,0.758294976531781
"1970",0.766761807146409,0.766227519590701,0.765237256372218,0.764076010138437,0.764045618367197,0.763597751723087,0.763495217497719,0.762699030174403,0.76254728329032,0.762253441223153,0.761468170074481,0.76145926112794,0.760771335452085,0.760359728075424,0.760410071951061,0.759782024424749,0.759050511974108,0.759041536215479,0.75905152829682,0.759061033198842,0.757841118471819
"1980",0.766698941396857,0.765675281999456,0.764664244992606,0.764447193897856,0.76387404983417,0.763531730052879,0.7628232659615,0.762632717792903,0.761659136255841,0.761755687262089,0.761413350506546,0.761332586237169,0.760947335303503,0.760059257715711,0.760006523373401,0.759916817963535,0.758765669828386,0.758591895995565,0.759036351683294,0.758058770656158,0.758275594090546
"1990",0.766993116919686,0.76531606544095,0.765086669028784,0.764559528131322,0.763890061685049,0.763244607165759,0.763176194486476,0.762621448406383,0.762528540780523,0.761048336652785,0.761116804474233,0.761007978276359,0.760274027699972,0.760108725749749,0.75970198917489,0.759312658463272,0.758864265224891,0.759108364627555,0.758328941387311,0.757737960826566,0.757949729888904
"2000",0.766527893315845,0.765385822893325,0.765033880380039,0.76391720703765,0.763422276552527,0.763120445133285,0.76268390066072,0.76218854715018,0.762293770270904,0.761507641345557,0.761739231796164,0.760553793476725,0.759649447998816,0.760293969616709,0.758842296022979,0.758642561364747,0.759024671306041,0.757790507152074,0.758322126569013,0.758034645240277,0.75764851012336
